# 
n 222
t 111111111111111111113333333333333333333333333333333333333333333333333333333333333333333333333333333333333333333
100000000000000000001000000000000000000010000000100000001000000000000000000000000000001000000000000000000000100
100000000000000000000000000000000000000000000000000000000010000000000000100000100100000000000000000000000100000
10000000000000000000000001000000000000000010000010001001000110000000000100100000000000000000000000000000000000
10000000000000000000000000000001000000000000000000000000000000100000000000000000000000000000000000000000000000
1000000000000000000110000000100000100000001001010000000000000000000000001000000000000100000010000000000000000
1000000000000000000000010010000000010000000000000000000000001000010000000000000000000000000000000010000000000
100000000000000001000000000000000000100000000000000000000000000000100000000000000000000000000000000000000000
100000000000000000100010000000000000000000000000000000000000000100000000000010001000000000000010000000000000
10000000000000000000100000000010000001000000000000000000000000010100000001000000000000000100000000000000010
10000000000000000000000000000000000000000000000000000000000001000000001100000000000000000000010000100000000
1000000000000000000000000000000000000000100000000000000001000000000000000110001000001000000100000000000000
1000000000000000000000000000000010000000000000000000010000000001000010000000000000000000000000000000000000
100000000000000010000000100100000001000000000000100000000000000000000000000000000000010100000000001000000
100000000000000000000000000000000000000000001100000000100010000010000010001100010000100000000000000000001
10000000000000001000010000000000000010000100000010000000000000000000000000000000000000101100100100000000
10000000000000010000000001000000000000001000000000000000100000000000011000000000000000000000000000010000
1000000000001000000001110000001010000100000000010000000010000100000000000001000000000000000000000010000
1000000000000001100000000010000000000000000000000000000000000011100000000010000000000000000110000000000
100000000000000000110000000000000010000000000000000100001000010000000000000000000001000000000000100000
100000000000000000000000000000100000010000000000001000000000000000000000000000000100000000000000000000
10000000000000100000001000000000100000000001000000000000000000000000000000000010000000000001000000000
10000000000000000000000100000100000000010000000000000010000000000000100000000100001000000000010001001
1000000000000000100000000000000000010000000000000000000000000000010001000100000000000000000000000000
1000000000000000001000000000000000000000010000000000000010000000000000010000000000000000000000100000
100000000000000000000001000000000000000001000000000000000000000000010100000010000001000000100001000
100000000000010000010000000000000010000000000010000000000000000000000000010001000000000000001000001
10000000000000000000001000000000000000110000101000000000000000000000000000000000000000000000000010
10000000000000000000000010000000000000000000000000000000000000100000000100011000000101000011000000
1000000001000000010010000000000000000000100000000001101000010000001000000000000000000010000000000
1000000000001001000000000000000000000000010000000000000000000000000000000000010010010100000000010
100000000000000000000100000001000001100000000010000000001000000000000000000000001000000000000000
100000000000000000000000000100000000000000100000000000000000000000000000000000010000000000010000
10000000000000000000101000000000000000000000000000000001000000000010000000001000001000000000000
10000000000000000000000011000000000000000000000000000000000000000000001000000000000000000000000
1000100001100000000000000000000001000001001000000000000011000000000000000000000000001010000100
1000000000000000000001000001100000000100000000000001000000000000000001000000000000000000000000
100000000000000000000000000000100010000100011100100000000000000000010000000000000000000000000
100000000000000101000000000000000000000000000000000000000000000000000100000000000000000000000
10000000000000000000000100001000000000000000000000000000001000000000000010000000001000001000
10000000000000000000000000000000000000000000000000000000000000000100000100000001000000000100
1000000000000000000000000000000000000000000000000000000000000000000000000000000000000000000
1000000000000000000000000000000000000000000000000000000000000000000000000000000000000000000
100000000000000000000000000000000000000000000000000000000000000000000000000000000000000000
100000000000000000000000000000000000000000000000000000000000000000000000000000000000000000
10000000000000000000000000000000000000000000000000000000000000000000000000000000000000000
10000000000000000000000000000000000000000000000000000000000000000000000000000000000000000
1000000000000000000000000000000000000000000000000000000000000000000000000000000000000000
1000000000000000000000000000000000000000000000000000000000000000000000000000000000000000
100000000000000000000000000000000000000000000000000000000000000000000000000000000000000
100000000000000000000000000000000000000000000000000000000000000000000000000000000000000
10000000000000000000000000000000000000000000000000000000000000000000000000000000000000
10000000000000000000000000000000000000000000000000000000000000000000000000000000000000
1000000000000000000000000000000000000000000000000000000000000000000000000000000000000
1000000000000000000000000000000000000000000000000000000000000000000000000000000000000
100000000000000000000000000000000000000000000000000000000000000000000000000000000000
100000000000000000000000000000000000000000000000000000000000000000000000000000000000
10000000000000000000000000000000000000000000000000000000000000000000000000000000000
10000000000000000000000000000000000000000000000000000000000000000000000000000000000
1000000000000000000000000000000000000000000000000000000000000000000000000000000000
1000000000000000000000000000000000000000000000000000000000000000000000000000000000
100000000000000000000000000000000000000000000000000000000000000000000000000000000
100000000000000000000000000000000000000000000000000000000000000000000000000000000
10000000000000000000000000000000000000000000000000000000000000000000000000000000
10000000000000000000000000000000000000000000000000000000000000000000000000000000
1000000000000000000000000000000000000000000000000000000000000000000000000000000
1000000000000000000000000000000000000000000000000000000000000000000000000000000
100000000000000000000000000000000000000000000000000000000000000000000000000000
100000000000000000000000000000000000000000000000000000000000000000000000000000
10000000000000000000000000000000000000000000000000000000000000000000000000000
10000000000000000000000000000000000000000000000000000000000000000000000000000
1000000000000000000000000000000000000000000000000000000000000000000000000000
1000000000000000000000000000000000000000000000000000000000000000000000000000
100000000000000000000000000000000000000000000000000000000000000000000000000
100000000000000000000000000000000000000000000000000000000000000000000000000
10000000000000000000000000000000000000000000000000000000000000000000000000
10000000000000000000000000000000000000000000000000000000000000000000000000
1000000000000000000000000000000000000000000000000000000000000000000000000
1000000000000000000000000000000000000000000000000000000000000000000000000
100000000000000000000000000000000000000000000000000000000000000000000000
100000000000000000000000000000000000000000000000000000000000000000000000
10000000000000000000000000000000000000000000000000000000000000000000000
10000000000000000000000000000000000000000000000000000000000000000000000
1000000000000000000000000000000000000000000000000000000000000000000000
1000000000000000000000000000000000000000000000000000000000000000000000
100000000000000000000000000000000000000000000000000000000000000000000
100000000000000000000000000000000000000000000000000000000000000000000
10000000000000000000000000000000000000000000000000000000000000000000
10000000000000000000000000000000000000000000000000000000000000000000
1000000000000000000000000000000000000000000000000000000000000000000
1000000000000000000000000000000000000000000000000000000000000000000
100000000000000000000000000000000000000000000000000000000000000000
100000000000000000000000000000000000000000000000000000000000000000
10000000000000000000000000000000000000000000000000000000000000000
10000000000000000000000000000000000000000000000000000000000000000
1000000000000000000000000000000000000000000000000000000000000000
1000000000000000000000000000000000000000000000000000000000000000
100000000000000000000000000000000000000000000000000000000000000
100000000000000000000000000000000000000000000000000000000000000
10000000000000000000000000000000000000000000000000000000000000
10000000000000000000000000000000000000000000000000000000000000
1000000000000000000000000000000000000000000000000000000000000
1000000000000000000000000000000000000000000000000000000000000
100000000000000000000000000000000000000000000000000000000000
100000000000000000000000000000000000000000000000000000000000
10000000000000000000000000000000000000000000000000000000000
10000000000000000000000000000000000000000000000000000000000
1000000000000000000000000000000000000000000000000000000000
1000000000000000000000000000000000000000000000000000000000
100000000000000000000000000000000000000000000000000000000
100000000000000000000000000000000000000000000000000000000
10000000000000000000000000000000000000000000000000000000
10000000000000000000000000000000000000000000000000000000
1000000000000000000000000000000000000000000000000000000
1000000000000000000000000000000000000000000000000000000
100000000000000000000000000000000000000000000000000000
100000000000000000000000000000000000000000000000000000
10000000000000000000000000000000000000000000000000000
10000000000000000000000000000000000000000000000000000
1000000000000000000000000000000000000000000000000000
1000000000000000000000000000000000000000000000000000
100000000000000000000000000000000000000000000000000
100000000000000000000000000000000000000000000000000
10000000000000000000000000000000000000000000000000
10000000000000000000000000000000000000000000000000
1000000000000000000000000000000000000000000000000
1000000000000000000000000000000000000000000000000
100000000000000000000000000000000000000000000000
100000000000000000000000000000000000000000000000
10000000000000000000000000000000000000000000000
10000000000000000000000000000000000000000000000
1000000000000000000000000000000000000000000000
1000000000000000000000000000000000000000000000
100000000000000000000000000000000000000000000
100000000000000000000000000000000000000000000
10000000000000000000000000000000000000000000
10000000000000000000000000000000000000000000
1000000000000000000000000000000000000000000
1000000000000000000000000000000000000000000
100000000000000000000000000000000000000000
100000000000000000000000000000000000000000
10000000000000000000000000000000000000000
10000000000000000000000000000000000000000
1000000000000000000000000000000000000000
1000000000000000000000000000000000000000
100000000000000000000000000000000000000
100000000000000000000000000000000000000
10000000000000000000000000000000000000
10000000000000000000000000000000000000
1000000000000000000000000000000000000
1000000000000000000000000000000000000
100000000000000000000000000000000000
100000000000000000000000000000000000
10000000000000000000000000000000000
10000000000000000000000000000000000
1000000000000000000000000000000000
1000000000000000000000000000000000
100000000000000000000000000000000
100000000000000000000000000000000
10000000000000000000000000000000
10000000000000000000000000000000
1000000000000000000000000000000
1000000000000000000000000000000
100000000000000000000000000000
100000000000000000000000000000
10000000000000000000000000000
10000000000000000000000000000
1000000000000000000000000000
1000000000000000000000000000
100000000000000000000000000
100000000000000000000000000
10000000000000000000000000
10000000000000000000000000
1000000000000000000000000
1000000000000000000000000
100000000000000000000000
100000000000000000000000
10000000000000000000000
10000000000000000000000
1000000000000000000000
1000000000000000000000
100000000000000000000
100000000000000000000
10000000000000000000
10000000000000000000
1000000000000000000
1000000000000000000
100000000000000000
100000000000000000
10000000000000000
10000000000000000
1000000000000000
1000000000000000
100000000000000
100000000000000
10000000000000
10000000000000
1000000000000
1000000000000
100000000000
100000000000
10000000000
10000000000
1000000000
1000000000
100000000
100000000
10000000
10000000
1000000
1000000
100000
100000
10000
10000
1000
1000
100
100
10
10
1
1
