# 
n 150
t 111111111111111333333333333333333333333333333333333333333333333333333333333
100000000000000010001000000000000000000000000100000000000000000011000000000
100000000000000100000000000000100000000001000000000100110000010000000000000
10000000000000100001000000000000000000000000000100010000000000000100000000
10000000000000000000000000100000010000010110000000000010000100000000010010
1000000000000010000000001000000000000100000000110001000000000000000000000
1000000000000000000010000000000000100000000000001000000000000000000000000
100000000000000001100110000000000100000000000000000000100000000000000100
100000000000000000000001000001000000001010000000000000001000000010100000
10000000000000000000000001010001000000000000000000000000000000000001000
10000000000000110000000100100000000000000000000000000000000000001000000
1000000000000010100000000000100010000000000000000000000000001000000010
1000000000000000000101000010001000010000000000000000010000000001000100
100000000001000000000000000100001100000011001000100001001000000000000
100000000000000000000010010000000000000000000000001000000001000000000
10000000000000000010000100000000000000000010010000000000000000100000
10000000001000000000000000000011000000000000000000000000000000000100
1000000000000000000001000010000000000000000101000000000000100000001
1000000000000010000000000000000000001000000000000000000000001000000
100000100000000000010000000000000000000010000000000100000000010000
100000000000000100000000000100000000100000000111000000010000100000
10000000000001000000000000000000010010100000000000000000000011001
10000010000000000000000001010000000001000000000000000100000000000
1000000000011000000000000000100000000001001000000001010000000000
1000000000000000000001000000000001000000000000000010000000000010
100000000100000001000100000000100100000000000000000000000000000
100000000000000000000000001000000000000100000010000100000000000
10000000000000000000000000010100000000000000010001000100000000
10001100000000010000010000001000000000000001100010000010001000
1000010000010100000000000000000000000010000100100000000000000
1000100001000000001000000000001011000000000001000100010000001
100000000000000000000000000000000000000000000000000000000000
100000000000000000000000000000000000000000000000000000000000
10000000000000000000000000000000000000000000000000000000000
10000000000000000000000000000000000000000000000000000000000
1000000000000000000000000000000000000000000000000000000000
1000000000000000000000000000000000000000000000000000000000
100000000000000000000000000000000000000000000000000000000
100000000000000000000000000000000000000000000000000000000
10000000000000000000000000000000000000000000000000000000
10000000000000000000000000000000000000000000000000000000
1000000000000000000000000000000000000000000000000000000
1000000000000000000000000000000000000000000000000000000
100000000000000000000000000000000000000000000000000000
100000000000000000000000000000000000000000000000000000
10000000000000000000000000000000000000000000000000000
10000000000000000000000000000000000000000000000000000
1000000000000000000000000000000000000000000000000000
1000000000000000000000000000000000000000000000000000
100000000000000000000000000000000000000000000000000
100000000000000000000000000000000000000000000000000
10000000000000000000000000000000000000000000000000
10000000000000000000000000000000000000000000000000
1000000000000000000000000000000000000000000000000
1000000000000000000000000000000000000000000000000
100000000000000000000000000000000000000000000000
100000000000000000000000000000000000000000000000
10000000000000000000000000000000000000000000000
10000000000000000000000000000000000000000000000
1000000000000000000000000000000000000000000000
1000000000000000000000000000000000000000000000
100000000000000000000000000000000000000000000
100000000000000000000000000000000000000000000
10000000000000000000000000000000000000000000
10000000000000000000000000000000000000000000
1000000000000000000000000000000000000000000
1000000000000000000000000000000000000000000
100000000000000000000000000000000000000000
100000000000000000000000000000000000000000
10000000000000000000000000000000000000000
10000000000000000000000000000000000000000
1000000000000000000000000000000000000000
1000000000000000000000000000000000000000
100000000000000000000000000000000000000
100000000000000000000000000000000000000
10000000000000000000000000000000000000
10000000000000000000000000000000000000
1000000000000000000000000000000000000
1000000000000000000000000000000000000
100000000000000000000000000000000000
100000000000000000000000000000000000
10000000000000000000000000000000000
10000000000000000000000000000000000
1000000000000000000000000000000000
1000000000000000000000000000000000
100000000000000000000000000000000
100000000000000000000000000000000
10000000000000000000000000000000
10000000000000000000000000000000
1000000000000000000000000000000
1000000000000000000000000000000
100000000000000000000000000000
100000000000000000000000000000
10000000000000000000000000000
10000000000000000000000000000
1000000000000000000000000000
1000000000000000000000000000
100000000000000000000000000
100000000000000000000000000
10000000000000000000000000
10000000000000000000000000
1000000000000000000000000
1000000000000000000000000
100000000000000000000000
100000000000000000000000
10000000000000000000000
10000000000000000000000
1000000000000000000000
1000000000000000000000
100000000000000000000
100000000000000000000
10000000000000000000
10000000000000000000
1000000000000000000
1000000000000000000
100000000000000000
100000000000000000
10000000000000000
10000000000000000
1000000000000000
1000000000000000
100000000000000
100000000000000
10000000000000
10000000000000
1000000000000
1000000000000
100000000000
100000000000
10000000000
10000000000
1000000000
1000000000
100000000
100000000
10000000
10000000
1000000
1000000
100000
100000
10000
10000
1000
1000
100
100
10
10
1
1
