# 
n 150
t 111111111111111333333333333333333333333333333333333333333333333333333333333
100000000000000100000000001000000000000010000000000100110000000000000000000
100000000000000000000000000000000010000000000000000000000000000001000000010
10000000000000110000001000000000000000000010010000000000100000000000000000
10000000000000001000000000001010000000000000000000000000000000000000000001
1000000000000000011000000000001000110011010000000000000100000010100001010
1000000000000000000000000100000000000000000101000010000000000000000000000
100000000000100000000000000000000000000000000011000100000000000000000000
100000000000010000000001000000010000001000000000001010000001000001000000
10000000000000100010000000000000000000001000000010000000010000000000000
10000000000001010000000000000000000000000000000001000000000101000000010
1000000000000100000010000000000000100001000000100000001000000000000100
1000000000000000100000010000100000000000000100000000000010000000000000
100000000000000000000000000100000000000000000000001000010110000101000
100000000000000000010000000000010100000000000000000100000000010000000
10000000000000010100000000000001000000000000100000000000000010000000
10000000000000100000001000100100000000011000000000000000000100000000
1000000000001100000100101011000000000000100000000000000000001000000
1000000000000000010000000000011000100100001000000010000000000100000
100000000000000000000001000000000110000000000000000000100000000001
100000000000000000000000000000000000000000000101001000010000010000
10000000001000100000010000000000000010000000000000100000001000000
10000001000000000000000000000000000000000000000000000000000010000
1000000000001100010000000101001000100110001000010000000000100000
1000000010010000000000000000000000000000000010000001000000000001
100000000000000101100000000100100000000000000011100000000000000
100000000001000000000001000010000001001000000000001000000000000
10010000000000000000000000000000000010010001000100000100000100
10000000000001000100000000000000000000000000000000001000010000
1000000000000000000000000000001000000000000000000000000000100
1000100000000010010001000000000000000000000000000000010001000
100000000000000000000000000000000000000000000000000000000000
100000000000000000000000000000000000000000000000000000000000
10000000000000000000000000000000000000000000000000000000000
10000000000000000000000000000000000000000000000000000000000
1000000000000000000000000000000000000000000000000000000000
1000000000000000000000000000000000000000000000000000000000
100000000000000000000000000000000000000000000000000000000
100000000000000000000000000000000000000000000000000000000
10000000000000000000000000000000000000000000000000000000
10000000000000000000000000000000000000000000000000000000
1000000000000000000000000000000000000000000000000000000
1000000000000000000000000000000000000000000000000000000
100000000000000000000000000000000000000000000000000000
100000000000000000000000000000000000000000000000000000
10000000000000000000000000000000000000000000000000000
10000000000000000000000000000000000000000000000000000
1000000000000000000000000000000000000000000000000000
1000000000000000000000000000000000000000000000000000
100000000000000000000000000000000000000000000000000
100000000000000000000000000000000000000000000000000
10000000000000000000000000000000000000000000000000
10000000000000000000000000000000000000000000000000
1000000000000000000000000000000000000000000000000
1000000000000000000000000000000000000000000000000
100000000000000000000000000000000000000000000000
100000000000000000000000000000000000000000000000
10000000000000000000000000000000000000000000000
10000000000000000000000000000000000000000000000
1000000000000000000000000000000000000000000000
1000000000000000000000000000000000000000000000
100000000000000000000000000000000000000000000
100000000000000000000000000000000000000000000
10000000000000000000000000000000000000000000
10000000000000000000000000000000000000000000
1000000000000000000000000000000000000000000
1000000000000000000000000000000000000000000
100000000000000000000000000000000000000000
100000000000000000000000000000000000000000
10000000000000000000000000000000000000000
10000000000000000000000000000000000000000
1000000000000000000000000000000000000000
1000000000000000000000000000000000000000
100000000000000000000000000000000000000
100000000000000000000000000000000000000
10000000000000000000000000000000000000
10000000000000000000000000000000000000
1000000000000000000000000000000000000
1000000000000000000000000000000000000
100000000000000000000000000000000000
100000000000000000000000000000000000
10000000000000000000000000000000000
10000000000000000000000000000000000
1000000000000000000000000000000000
1000000000000000000000000000000000
100000000000000000000000000000000
100000000000000000000000000000000
10000000000000000000000000000000
10000000000000000000000000000000
1000000000000000000000000000000
1000000000000000000000000000000
100000000000000000000000000000
100000000000000000000000000000
10000000000000000000000000000
10000000000000000000000000000
1000000000000000000000000000
1000000000000000000000000000
100000000000000000000000000
100000000000000000000000000
10000000000000000000000000
10000000000000000000000000
1000000000000000000000000
1000000000000000000000000
100000000000000000000000
100000000000000000000000
10000000000000000000000
10000000000000000000000
1000000000000000000000
1000000000000000000000
100000000000000000000
100000000000000000000
10000000000000000000
10000000000000000000
1000000000000000000
1000000000000000000
100000000000000000
100000000000000000
10000000000000000
10000000000000000
1000000000000000
1000000000000000
100000000000000
100000000000000
10000000000000
10000000000000
1000000000000
1000000000000
100000000000
100000000000
10000000000
10000000000
1000000000
1000000000
100000000
100000000
10000000
10000000
1000000
1000000
100000
100000
10000
10000
1000
1000
100
100
10
10
1
1
