# 
n 150
t 111111111111111333333333333333333333333333333333333333333333333333333333333
100000000000000001110000010000000000100100000000010001100100001000000000000
100000000000000000000000000000000000010000010000100000000000000000000000000
10000000000000000000000100000010000000000010000000010000000000001000011000
10000000000000000000011011000000000000000100000000000000000000010000000000
1000000000000000000010000000000000000000000010010000100000010000010100000
1000000000000010100000000101000000000010100000000000000000000100001000001
100000000000000000000000000000000000000000100000000000000000000000000010
100000000000010010000000000001000100011000010100000010000000001011000100
10000000000100000000100010000000000000100000000000000010010000100000000
10000000000000000000000000000000000000000000000000000000000000000000000
1000000000000000000000000000000100000000000000010000100100001000001000
1000000000000000010000001000110000001000000000000010000000000000000001
100000000000000001000000000000000000000000000000000000010000000000000
100000000101000000000000000000000000001000000000000000101010100000000
10000000000000000000010000000000000000000001000000001000000000000001
10000000000000000000000101000000000000000000000001010000000010000000
1000000000000000000000000001001010000010000100000000000100000000000
1000000000001000000000010000000000000100010000000000000000000000010
100000000000100010000100000000000001000000101001001000000000000000
100000000001000000100000000001000000000000000000000000000000111100
10000000010000000000000000010000000000001000010000000000000000000
10000000001100000000000010000000010000000010000000000000000000000
1000000000000000001111101000000000001000001000100000000000100000
1000000100000001010000000000100001000000000000000000000000000000
100000000001001000000000000000000000000000001000001000000000000
100011000100000100000000000000000100000000000010000000000000000
10100000000000000000100011000000001000100000001100000100010000
10000000000000000000011000101000000101000000000000000000000100
1000000000100000000000000000000000000000100000000110001000010
1000000000000000000000000000000001000000000000000000000000000
100000000000000000000000000000000000000000000000000000000000
100000000000000000000000000000000000000000000000000000000000
10000000000000000000000000000000000000000000000000000000000
10000000000000000000000000000000000000000000000000000000000
1000000000000000000000000000000000000000000000000000000000
1000000000000000000000000000000000000000000000000000000000
100000000000000000000000000000000000000000000000000000000
100000000000000000000000000000000000000000000000000000000
10000000000000000000000000000000000000000000000000000000
10000000000000000000000000000000000000000000000000000000
1000000000000000000000000000000000000000000000000000000
1000000000000000000000000000000000000000000000000000000
100000000000000000000000000000000000000000000000000000
100000000000000000000000000000000000000000000000000000
10000000000000000000000000000000000000000000000000000
10000000000000000000000000000000000000000000000000000
1000000000000000000000000000000000000000000000000000
1000000000000000000000000000000000000000000000000000
100000000000000000000000000000000000000000000000000
100000000000000000000000000000000000000000000000000
10000000000000000000000000000000000000000000000000
10000000000000000000000000000000000000000000000000
1000000000000000000000000000000000000000000000000
1000000000000000000000000000000000000000000000000
100000000000000000000000000000000000000000000000
100000000000000000000000000000000000000000000000
10000000000000000000000000000000000000000000000
10000000000000000000000000000000000000000000000
1000000000000000000000000000000000000000000000
1000000000000000000000000000000000000000000000
100000000000000000000000000000000000000000000
100000000000000000000000000000000000000000000
10000000000000000000000000000000000000000000
10000000000000000000000000000000000000000000
1000000000000000000000000000000000000000000
1000000000000000000000000000000000000000000
100000000000000000000000000000000000000000
100000000000000000000000000000000000000000
10000000000000000000000000000000000000000
10000000000000000000000000000000000000000
1000000000000000000000000000000000000000
1000000000000000000000000000000000000000
100000000000000000000000000000000000000
100000000000000000000000000000000000000
10000000000000000000000000000000000000
10000000000000000000000000000000000000
1000000000000000000000000000000000000
1000000000000000000000000000000000000
100000000000000000000000000000000000
100000000000000000000000000000000000
10000000000000000000000000000000000
10000000000000000000000000000000000
1000000000000000000000000000000000
1000000000000000000000000000000000
100000000000000000000000000000000
100000000000000000000000000000000
10000000000000000000000000000000
10000000000000000000000000000000
1000000000000000000000000000000
1000000000000000000000000000000
100000000000000000000000000000
100000000000000000000000000000
10000000000000000000000000000
10000000000000000000000000000
1000000000000000000000000000
1000000000000000000000000000
100000000000000000000000000
100000000000000000000000000
10000000000000000000000000
10000000000000000000000000
1000000000000000000000000
1000000000000000000000000
100000000000000000000000
100000000000000000000000
10000000000000000000000
10000000000000000000000
1000000000000000000000
1000000000000000000000
100000000000000000000
100000000000000000000
10000000000000000000
10000000000000000000
1000000000000000000
1000000000000000000
100000000000000000
100000000000000000
10000000000000000
10000000000000000
1000000000000000
1000000000000000
100000000000000
100000000000000
10000000000000
10000000000000
1000000000000
1000000000000
100000000000
100000000000
10000000000
10000000000
1000000000
1000000000
100000000
100000000
10000000
10000000
1000000
1000000
100000
100000
10000
10000
1000
1000
100
100
10
10
1
1
