# 
n 150
t 111111111111111333333333333333333333333333333333333333333333333333333333333
100000000000000000001000000000000001000000000000010000000000000000000000000
100000000000000000000000000001000010010000001000000010000010010000000000001
10000000000000010000100000000000101000000000000100000000000000000010000000
10000000000000100000000000000000000000001010000000000000000001100100000100
1000000000000010000000100000000100000110000000000000000000000000001000000
1000000000000000000000000000010000000001000000000000001000000000000000000
100000000000001000001001000000000000000000000000001000000001000000000000
100000000000000000000000000000000010010011000000010010000000010000000100
10000000000000000000010000000000100000000000000000000000000000000000000
10000000000010010010000000001000000001000000100000000000000000000001000
1000000000000000001101100000000100000000000001000000001000000000100000
1000000000001000000000000100000000000000001000000110000000000000001000
100000000000000010010000000010000000000100000000100010000000000000000
100000000100100000000000000000100100000000000000000000100000000000000
10000000000000000000101000000000000100000000000000010000000000000001
10000000000000000010000000000000000001010000001000000010001000000010
1000000000000100000010000100001000000000000000000000000000100000000
1000000000000000000000000000010000000100000000000000000000001010000
100000000000000000000000000000000000001000000000000100010000000000
100000001100100100000001001000000000010010000001000000001010000000
10000000001000000000100000000000000000001100000100000000001000000
10000100000000000000000000000000000000100000000000000010000000000
1000000000000000000110000000000100000001000000001000001010010100
1000000010000000000000010000000000001010000000000101000000100000
100000000001000000001000001000000000000000000101000000000000000
100000010000000001010000000100000000000000110000000000000000001
10000100000000000000000000000000000000001001000000000000000010
10000000000000110000000001000000000000110000100000100100000000
1000000000000010000000000010100110000000000000000000000110000
1000001010001000000000000000010000000100000000010100000001010
100000000000000000000000000000000000000000000000000000000000
100000000000000000000000000000000000000000000000000000000000
10000000000000000000000000000000000000000000000000000000000
10000000000000000000000000000000000000000000000000000000000
1000000000000000000000000000000000000000000000000000000000
1000000000000000000000000000000000000000000000000000000000
100000000000000000000000000000000000000000000000000000000
100000000000000000000000000000000000000000000000000000000
10000000000000000000000000000000000000000000000000000000
10000000000000000000000000000000000000000000000000000000
1000000000000000000000000000000000000000000000000000000
1000000000000000000000000000000000000000000000000000000
100000000000000000000000000000000000000000000000000000
100000000000000000000000000000000000000000000000000000
10000000000000000000000000000000000000000000000000000
10000000000000000000000000000000000000000000000000000
1000000000000000000000000000000000000000000000000000
1000000000000000000000000000000000000000000000000000
100000000000000000000000000000000000000000000000000
100000000000000000000000000000000000000000000000000
10000000000000000000000000000000000000000000000000
10000000000000000000000000000000000000000000000000
1000000000000000000000000000000000000000000000000
1000000000000000000000000000000000000000000000000
100000000000000000000000000000000000000000000000
100000000000000000000000000000000000000000000000
10000000000000000000000000000000000000000000000
10000000000000000000000000000000000000000000000
1000000000000000000000000000000000000000000000
1000000000000000000000000000000000000000000000
100000000000000000000000000000000000000000000
100000000000000000000000000000000000000000000
10000000000000000000000000000000000000000000
10000000000000000000000000000000000000000000
1000000000000000000000000000000000000000000
1000000000000000000000000000000000000000000
100000000000000000000000000000000000000000
100000000000000000000000000000000000000000
10000000000000000000000000000000000000000
10000000000000000000000000000000000000000
1000000000000000000000000000000000000000
1000000000000000000000000000000000000000
100000000000000000000000000000000000000
100000000000000000000000000000000000000
10000000000000000000000000000000000000
10000000000000000000000000000000000000
1000000000000000000000000000000000000
1000000000000000000000000000000000000
100000000000000000000000000000000000
100000000000000000000000000000000000
10000000000000000000000000000000000
10000000000000000000000000000000000
1000000000000000000000000000000000
1000000000000000000000000000000000
100000000000000000000000000000000
100000000000000000000000000000000
10000000000000000000000000000000
10000000000000000000000000000000
1000000000000000000000000000000
1000000000000000000000000000000
100000000000000000000000000000
100000000000000000000000000000
10000000000000000000000000000
10000000000000000000000000000
1000000000000000000000000000
1000000000000000000000000000
100000000000000000000000000
100000000000000000000000000
10000000000000000000000000
10000000000000000000000000
1000000000000000000000000
1000000000000000000000000
100000000000000000000000
100000000000000000000000
10000000000000000000000
10000000000000000000000
1000000000000000000000
1000000000000000000000
100000000000000000000
100000000000000000000
10000000000000000000
10000000000000000000
1000000000000000000
1000000000000000000
100000000000000000
100000000000000000
10000000000000000
10000000000000000
1000000000000000
1000000000000000
100000000000000
100000000000000
10000000000000
10000000000000
1000000000000
1000000000000
100000000000
100000000000
10000000000
10000000000
1000000000
1000000000
100000000
100000000
10000000
10000000
1000000
1000000
100000
100000
10000
10000
1000
1000
100
100
10
10
1
1
