# 
n 150
t 111111111111111333333333333333333333333333333333333333333333333333333333333
100000000000000000001000000000010000000000010000000000000000010000001000000
100000000000000000000001001000000000000000000001000000000000000000000001000
10000000000000010000000000000000000000000010001001000000000000000100000000
10000000000000100100000000000000001000001000000000100000000000000001000100
1000000000000000011100000100000100001000010000000000000000000000000000000
1000000000000000000000100001000000000001000000000000000000000000010000001
100000000000000000000000000000000000000000010000000010000000000000100000
100000000000000001010000000000000000000100001000000100000000000010001000
10000000000001000000000000001010000000001000000000000000001000000000000
10000000000000000000101000000000100000000000010000000110000000010000100
1000000000000000000000000101000000000000000001010001101000010000100000
1000000000000010000000000000000001000000010000001000010001000000010000
100000000000000000010100100100000110000000000001000000000100000000000
100000000001000100000000000000000000100000000000001000010000000000010
10000000000000001010000000000100000001000000001000000000000000010000
10000000000100000000001010000000000000100100000100000100000101001000
1000000001000001000000000010001000000000000000000000000000000000000
1000000100000010011000000000000000000000111010000100100000000000001
100000000000000000000000100010100001010000000010000010000000100000
100000010000000000000000010000000000000000000100000001100000000000
10000000000000000000010000000000000000100000000010000010000000000
10000000000100000000000000010000000000010000000000100001000000010
1000000000010000100000001000000000000000000000001000000000000000
1000000110000100011000000000010000100000010000000000100000000000
100100000000000000000000000000000000000100000000000000000010001
100000000000000010000000010010000100000000000000000000000000000
10000000000000000001000000100100000000000000000000001000000000
10000000000000000000000000000000000000000010000000000100000000
1000000000000000100000100001000000000000001000000010000000110
1010000000000010000001000000000000000100000001000001000000000
100000000000000000000000000000000000000000000000000000000000
100000000000000000000000000000000000000000000000000000000000
10000000000000000000000000000000000000000000000000000000000
10000000000000000000000000000000000000000000000000000000000
1000000000000000000000000000000000000000000000000000000000
1000000000000000000000000000000000000000000000000000000000
100000000000000000000000000000000000000000000000000000000
100000000000000000000000000000000000000000000000000000000
10000000000000000000000000000000000000000000000000000000
10000000000000000000000000000000000000000000000000000000
1000000000000000000000000000000000000000000000000000000
1000000000000000000000000000000000000000000000000000000
100000000000000000000000000000000000000000000000000000
100000000000000000000000000000000000000000000000000000
10000000000000000000000000000000000000000000000000000
10000000000000000000000000000000000000000000000000000
1000000000000000000000000000000000000000000000000000
1000000000000000000000000000000000000000000000000000
100000000000000000000000000000000000000000000000000
100000000000000000000000000000000000000000000000000
10000000000000000000000000000000000000000000000000
10000000000000000000000000000000000000000000000000
1000000000000000000000000000000000000000000000000
1000000000000000000000000000000000000000000000000
100000000000000000000000000000000000000000000000
100000000000000000000000000000000000000000000000
10000000000000000000000000000000000000000000000
10000000000000000000000000000000000000000000000
1000000000000000000000000000000000000000000000
1000000000000000000000000000000000000000000000
100000000000000000000000000000000000000000000
100000000000000000000000000000000000000000000
10000000000000000000000000000000000000000000
10000000000000000000000000000000000000000000
1000000000000000000000000000000000000000000
1000000000000000000000000000000000000000000
100000000000000000000000000000000000000000
100000000000000000000000000000000000000000
10000000000000000000000000000000000000000
10000000000000000000000000000000000000000
1000000000000000000000000000000000000000
1000000000000000000000000000000000000000
100000000000000000000000000000000000000
100000000000000000000000000000000000000
10000000000000000000000000000000000000
10000000000000000000000000000000000000
1000000000000000000000000000000000000
1000000000000000000000000000000000000
100000000000000000000000000000000000
100000000000000000000000000000000000
10000000000000000000000000000000000
10000000000000000000000000000000000
1000000000000000000000000000000000
1000000000000000000000000000000000
100000000000000000000000000000000
100000000000000000000000000000000
10000000000000000000000000000000
10000000000000000000000000000000
1000000000000000000000000000000
1000000000000000000000000000000
100000000000000000000000000000
100000000000000000000000000000
10000000000000000000000000000
10000000000000000000000000000
1000000000000000000000000000
1000000000000000000000000000
100000000000000000000000000
100000000000000000000000000
10000000000000000000000000
10000000000000000000000000
1000000000000000000000000
1000000000000000000000000
100000000000000000000000
100000000000000000000000
10000000000000000000000
10000000000000000000000
1000000000000000000000
1000000000000000000000
100000000000000000000
100000000000000000000
10000000000000000000
10000000000000000000
1000000000000000000
1000000000000000000
100000000000000000
100000000000000000
10000000000000000
10000000000000000
1000000000000000
1000000000000000
100000000000000
100000000000000
10000000000000
10000000000000
1000000000000
1000000000000
100000000000
100000000000
10000000000
10000000000
1000000000
1000000000
100000000
100000000
10000000
10000000
1000000
1000000
100000
100000
10000
10000
1000
1000
100
100
10
10
1
1
