# 
n 150
t 111111111111111333333333333333333333333333333333333333333333333333333333333
100000000000000000000000000000001000010000100000000000010000000000000000000
100000000000000000000100000010010000000100000000000000000000010100000000000
10000000000000001000000000000100001100010000000111000000000000000000100000
10000000000000000000000000010000100010000010000000000000000110000000000000
1000000000000000001000000000010000000000010000000000000000001000100000001
1000000000000000000000000000000010000000000000000000000000100000000000100
100000000000000010000010000000000001000000000000100000111000000000000100
100000000000110000000000001000000000000000000000000000000000000000000000
10000000000001000000000001100001000000001000000011000000000000000010000
10000000000000100001010000000000000000000000101000101000100010000001001
1000000000000000000100000000000001001000000000000000110000000000000000
1000000000000000000000000000000000000000010000001000000000101001010000
100000000000001000000000000000000000000000000000010000000000000010000
100000000001000000000010000000000100010001000110000001000000001000000
10000000000000000001000000001000001000000000100000000000000000000000
10000000000100000000000000000000010000000000000000000000000001000000
1000000000010001001000100000010100100101000000100000011000000000000
1000000000000000000000000000000000000000000000000100000000000000000
100000000000000000000000000000000000101000000000000001000000000000
100000000000000000000000000000010000000000000000000000001000000000
10000000000000000000000000000000000010000000000000000000010000010
10000110000010010100010000000000101000000001000011000000100000000
1000000010100001000000010000000000000010000000000000010100000011
1000000000000000000000100000001000110000010000000000001000100000
100000000000100000000000100000000000000000000000000000000000010
100010000100000100001000001000000000100000001000000000000001000
10100000010000100000000000000001000000000000000000000010101100
10000000000000000001000000000000000000000000000000010000000000
1000000010100000000100000000000000001000110000000100010000000
1000101001000001000010100000000000010000001000000000000000000
100000000000000000000000000000000000000000000000000000000000
100000000000000000000000000000000000000000000000000000000000
10000000000000000000000000000000000000000000000000000000000
10000000000000000000000000000000000000000000000000000000000
1000000000000000000000000000000000000000000000000000000000
1000000000000000000000000000000000000000000000000000000000
100000000000000000000000000000000000000000000000000000000
100000000000000000000000000000000000000000000000000000000
10000000000000000000000000000000000000000000000000000000
10000000000000000000000000000000000000000000000000000000
1000000000000000000000000000000000000000000000000000000
1000000000000000000000000000000000000000000000000000000
100000000000000000000000000000000000000000000000000000
100000000000000000000000000000000000000000000000000000
10000000000000000000000000000000000000000000000000000
10000000000000000000000000000000000000000000000000000
1000000000000000000000000000000000000000000000000000
1000000000000000000000000000000000000000000000000000
100000000000000000000000000000000000000000000000000
100000000000000000000000000000000000000000000000000
10000000000000000000000000000000000000000000000000
10000000000000000000000000000000000000000000000000
1000000000000000000000000000000000000000000000000
1000000000000000000000000000000000000000000000000
100000000000000000000000000000000000000000000000
100000000000000000000000000000000000000000000000
10000000000000000000000000000000000000000000000
10000000000000000000000000000000000000000000000
1000000000000000000000000000000000000000000000
1000000000000000000000000000000000000000000000
100000000000000000000000000000000000000000000
100000000000000000000000000000000000000000000
10000000000000000000000000000000000000000000
10000000000000000000000000000000000000000000
1000000000000000000000000000000000000000000
1000000000000000000000000000000000000000000
100000000000000000000000000000000000000000
100000000000000000000000000000000000000000
10000000000000000000000000000000000000000
10000000000000000000000000000000000000000
1000000000000000000000000000000000000000
1000000000000000000000000000000000000000
100000000000000000000000000000000000000
100000000000000000000000000000000000000
10000000000000000000000000000000000000
10000000000000000000000000000000000000
1000000000000000000000000000000000000
1000000000000000000000000000000000000
100000000000000000000000000000000000
100000000000000000000000000000000000
10000000000000000000000000000000000
10000000000000000000000000000000000
1000000000000000000000000000000000
1000000000000000000000000000000000
100000000000000000000000000000000
100000000000000000000000000000000
10000000000000000000000000000000
10000000000000000000000000000000
1000000000000000000000000000000
1000000000000000000000000000000
100000000000000000000000000000
100000000000000000000000000000
10000000000000000000000000000
10000000000000000000000000000
1000000000000000000000000000
1000000000000000000000000000
100000000000000000000000000
100000000000000000000000000
10000000000000000000000000
10000000000000000000000000
1000000000000000000000000
1000000000000000000000000
100000000000000000000000
100000000000000000000000
10000000000000000000000
10000000000000000000000
1000000000000000000000
1000000000000000000000
100000000000000000000
100000000000000000000
10000000000000000000
10000000000000000000
1000000000000000000
1000000000000000000
100000000000000000
100000000000000000
10000000000000000
10000000000000000
1000000000000000
1000000000000000
100000000000000
100000000000000
10000000000000
10000000000000
1000000000000
1000000000000
100000000000
100000000000
10000000000
10000000000
1000000000
1000000000
100000000
100000000
10000000
10000000
1000000
1000000
100000
100000
10000
10000
1000
1000
100
100
10
10
1
1
