# 
n 150
t 111111111111111333333333333333333333333333333333333333333333333333333333333
100000000000000000000001000001000000000000000000000000000000000000000000000
100000000000000000000000000000000000000000000000000000000000000101000000000
10000000000000010110000000010000000000000000000000000001000100000000000000
10000000000000000000000100000000000001000010000000010000000010000000000000
1000000000000001010000100000000000100000000000100000000000010010000001000
1000000000000000000100000000101000000000000000000000100000000000001000000
100000000000000000000000000000000100001010000000000000000000100100000010
100000000000001000000100000000000000000000001000100000000000000000000000
10000000000000000010000000000000000010100000000100100001000000000000000
10000000000100000001010000000000000100000001001000000000001000100100000
1000000000000001010000100010000000000000000000001001010000000100000010
1000000000000010000000001100100010000100000001000000000100000000001000
100000000000001001000000000101000010001000000000000010000000000001000
100000000010000000000000000000001000000001010000100001000000010000000
10000000000000000000000000010010000000000000000000000010000000000000
10000000000001000010000000000000000000110000010000000000000000000001
1000000000000010010000010000000001001010000000000010000000010000010
1000000000000100000000000000000000000000000000000000001110000010000
100000000100000000000001000000110000010100010010000000000000100000
100000000000000000100000010000000000000010000001000000000000000100
10000000000000000000010000000000001000000000000000000000010000100
10000000000000000000001000010000000000000100010100000010001000000
1000000000000000100000000000000000100000000000100000000000010000
1000010000000000000000000000000000000000001000000000000000100001
100000000000001010000001100100000000000000010001001000001010001
100100000000000000000000000000000000000001000000000001000000000
10000000100000010100000001000100000000000000000000001000000100
10000000000001001000101000000000000000000000000100000000000000
1100100000001000000010000000010100101000000000000000000000000
1001000000000000000000000001000000010000000100000000000000000
100000000000000000000000000000000000000000000000000000000000
100000000000000000000000000000000000000000000000000000000000
10000000000000000000000000000000000000000000000000000000000
10000000000000000000000000000000000000000000000000000000000
1000000000000000000000000000000000000000000000000000000000
1000000000000000000000000000000000000000000000000000000000
100000000000000000000000000000000000000000000000000000000
100000000000000000000000000000000000000000000000000000000
10000000000000000000000000000000000000000000000000000000
10000000000000000000000000000000000000000000000000000000
1000000000000000000000000000000000000000000000000000000
1000000000000000000000000000000000000000000000000000000
100000000000000000000000000000000000000000000000000000
100000000000000000000000000000000000000000000000000000
10000000000000000000000000000000000000000000000000000
10000000000000000000000000000000000000000000000000000
1000000000000000000000000000000000000000000000000000
1000000000000000000000000000000000000000000000000000
100000000000000000000000000000000000000000000000000
100000000000000000000000000000000000000000000000000
10000000000000000000000000000000000000000000000000
10000000000000000000000000000000000000000000000000
1000000000000000000000000000000000000000000000000
1000000000000000000000000000000000000000000000000
100000000000000000000000000000000000000000000000
100000000000000000000000000000000000000000000000
10000000000000000000000000000000000000000000000
10000000000000000000000000000000000000000000000
1000000000000000000000000000000000000000000000
1000000000000000000000000000000000000000000000
100000000000000000000000000000000000000000000
100000000000000000000000000000000000000000000
10000000000000000000000000000000000000000000
10000000000000000000000000000000000000000000
1000000000000000000000000000000000000000000
1000000000000000000000000000000000000000000
100000000000000000000000000000000000000000
100000000000000000000000000000000000000000
10000000000000000000000000000000000000000
10000000000000000000000000000000000000000
1000000000000000000000000000000000000000
1000000000000000000000000000000000000000
100000000000000000000000000000000000000
100000000000000000000000000000000000000
10000000000000000000000000000000000000
10000000000000000000000000000000000000
1000000000000000000000000000000000000
1000000000000000000000000000000000000
100000000000000000000000000000000000
100000000000000000000000000000000000
10000000000000000000000000000000000
10000000000000000000000000000000000
1000000000000000000000000000000000
1000000000000000000000000000000000
100000000000000000000000000000000
100000000000000000000000000000000
10000000000000000000000000000000
10000000000000000000000000000000
1000000000000000000000000000000
1000000000000000000000000000000
100000000000000000000000000000
100000000000000000000000000000
10000000000000000000000000000
10000000000000000000000000000
1000000000000000000000000000
1000000000000000000000000000
100000000000000000000000000
100000000000000000000000000
10000000000000000000000000
10000000000000000000000000
1000000000000000000000000
1000000000000000000000000
100000000000000000000000
100000000000000000000000
10000000000000000000000
10000000000000000000000
1000000000000000000000
1000000000000000000000
100000000000000000000
100000000000000000000
10000000000000000000
10000000000000000000
1000000000000000000
1000000000000000000
100000000000000000
100000000000000000
10000000000000000
10000000000000000
1000000000000000
1000000000000000
100000000000000
100000000000000
10000000000000
10000000000000
1000000000000
1000000000000
100000000000
100000000000
10000000000
10000000000
1000000000
1000000000
100000000
100000000
10000000
10000000
1000000
1000000
100000
100000
10000
10000
1000
1000
100
100
10
10
1
1
