# 
n 150
t 111111111111111333333333333333333333333333333333333333333333333333333333333
100000000000000000000001000000000001000010000000000010010000000001001000001
100000000000000000000000000000000000000000000000000001000000100000000000110
10000000000000000101000000000000000100000000000000001001000000010000000000
10000000000000001000010000000111000000100000000001010000000011000000010000
1000000000000010101100000000000010000100000010000100000000000000010000000
1000000000000000000000000100000000000000001000000000100001000001000000000
100000000000000000000100000000000000000010001000000000000000100001000000
100000000000000000000010000000000000000000010000000010000001000100100000
10000000000001000000000000100001000000000000000000100000000000010000000
10000000000000000100000000000000000001010000000000000000000000000000000
1000000000000000000000110000000000000000000000000000010001000000000000
1000000000000100000100000000000000000000000100000001000000000100000100
100000000000000000001000000001000000000100000000000000000000000000000
100000000000000000000000000000000001000001100000000000000000001000000
10000000100000001000001000000000000000000000000000000000001000000000
10000000000000000001000000000001001000010000000000111100100000000000
1000000010000000000000000000000000000101000010000000010000000001000
1000000000000010000000010100000000100000010000000000100000000010000
100000000000000100000000000100000000000000000000000000000000000000
100000000010010000000000000010000101100000000000000000110000100000
10000000000100010000000000000000001000010000100100010000010000010
10000000000000000000010000001110010000000000000000000000000011001
1000001000000000111000010000000000000010000001010000010000000000
1000000010000000000000000000000100000001000010100000000000000000
100000000000000000000000000000000000000000000000000000000100000
100000000000000000001100100000000000000000000000000000000000110
10100000000000000000100000000000000000000000000000000000000001
10010010001000000101010011000000000000100000000000000000000000
1000000000001010000000000000000000101101000000000000000001000
1100001000010001000000010010000000000000000001000000100000000
100000000000000000000000000000000000000000000000000000000000
100000000000000000000000000000000000000000000000000000000000
10000000000000000000000000000000000000000000000000000000000
10000000000000000000000000000000000000000000000000000000000
1000000000000000000000000000000000000000000000000000000000
1000000000000000000000000000000000000000000000000000000000
100000000000000000000000000000000000000000000000000000000
100000000000000000000000000000000000000000000000000000000
10000000000000000000000000000000000000000000000000000000
10000000000000000000000000000000000000000000000000000000
1000000000000000000000000000000000000000000000000000000
1000000000000000000000000000000000000000000000000000000
100000000000000000000000000000000000000000000000000000
100000000000000000000000000000000000000000000000000000
10000000000000000000000000000000000000000000000000000
10000000000000000000000000000000000000000000000000000
1000000000000000000000000000000000000000000000000000
1000000000000000000000000000000000000000000000000000
100000000000000000000000000000000000000000000000000
100000000000000000000000000000000000000000000000000
10000000000000000000000000000000000000000000000000
10000000000000000000000000000000000000000000000000
1000000000000000000000000000000000000000000000000
1000000000000000000000000000000000000000000000000
100000000000000000000000000000000000000000000000
100000000000000000000000000000000000000000000000
10000000000000000000000000000000000000000000000
10000000000000000000000000000000000000000000000
1000000000000000000000000000000000000000000000
1000000000000000000000000000000000000000000000
100000000000000000000000000000000000000000000
100000000000000000000000000000000000000000000
10000000000000000000000000000000000000000000
10000000000000000000000000000000000000000000
1000000000000000000000000000000000000000000
1000000000000000000000000000000000000000000
100000000000000000000000000000000000000000
100000000000000000000000000000000000000000
10000000000000000000000000000000000000000
10000000000000000000000000000000000000000
1000000000000000000000000000000000000000
1000000000000000000000000000000000000000
100000000000000000000000000000000000000
100000000000000000000000000000000000000
10000000000000000000000000000000000000
10000000000000000000000000000000000000
1000000000000000000000000000000000000
1000000000000000000000000000000000000
100000000000000000000000000000000000
100000000000000000000000000000000000
10000000000000000000000000000000000
10000000000000000000000000000000000
1000000000000000000000000000000000
1000000000000000000000000000000000
100000000000000000000000000000000
100000000000000000000000000000000
10000000000000000000000000000000
10000000000000000000000000000000
1000000000000000000000000000000
1000000000000000000000000000000
100000000000000000000000000000
100000000000000000000000000000
10000000000000000000000000000
10000000000000000000000000000
1000000000000000000000000000
1000000000000000000000000000
100000000000000000000000000
100000000000000000000000000
10000000000000000000000000
10000000000000000000000000
1000000000000000000000000
1000000000000000000000000
100000000000000000000000
100000000000000000000000
10000000000000000000000
10000000000000000000000
1000000000000000000000
1000000000000000000000
100000000000000000000
100000000000000000000
10000000000000000000
10000000000000000000
1000000000000000000
1000000000000000000
100000000000000000
100000000000000000
10000000000000000
10000000000000000
1000000000000000
1000000000000000
100000000000000
100000000000000
10000000000000
10000000000000
1000000000000
1000000000000
100000000000
100000000000
10000000000
10000000000
1000000000
1000000000
100000000
100000000
10000000
10000000
1000000
1000000
100000
100000
10000
10000
1000
1000
100
100
10
10
1
1
