# 
n 150
t 111111111111111333333333333333333333333333333333333333333333333333333333333
100000000000000000000100000000000000000000000001010001000000000010000001001
100000000000000000000000000000000000000010000000000000000010000000000100000
10000000000000000000000000000000000000000100000000001110000000000000001100
10000000000000000000000100000000000100000000100000000000001000000000000000
1000000000000001000001000000000000000000001001100000000000100000000000000
1000000000000000100000000000110100000000000000010100000000000001101000000
100000000000000000000000010000011000000000000000000000000010100000010000
100000000000010000000001000000000000000000000100000000000100000010000010
10000000000000000000000000000000001000010000000110000000010001000000100
10000000000000000000000000000000000001000100000001001000000100000000000
1000000000000000000010000000000001011000000000000000000000000001000000
1000000000000000000000100000000000000000000000010000110010000000000000
100000000100000001100001000000100000000000000000000000000000000000001
100000000000000100000100001000000000000000001000110001000000000010000
10000000000000000000000000000000000000000000000000000000000000000000
10000000000011010000100100000001100100000000000000100000000000000000
1000000001101000000000010000000110010100000000000100000011000100000
1000000000010100010000000000110000000010000100000000000100010000000
100000000000001000000001010000000001000000000001000001000000000000
100000100000000000001000000010000000000000000000000100000000100000
10000100000000000000000010000000000011001000010011000010000000000
10000000000000000000000100010000100000000000000000000000101000010
1000010000000000001000000000000000000000000000000000000000000000
1000000000010000010000000000000000000010000000000001000000000000
100001000000001000000001000000010000001000000000001000010000011
100000000010100000001000000000000000000010000000000000000000000
10000100000000000010001000000000000100000001000000000000001000
10000001000001000000000000000000000000000000000000000000000000
1000010000010000000100000001001000000000000000000000000000100
1010000000000010100000000100000010000000100000000000100010000
100000000000000000000000000000000000000000000000000000000000
100000000000000000000000000000000000000000000000000000000000
10000000000000000000000000000000000000000000000000000000000
10000000000000000000000000000000000000000000000000000000000
1000000000000000000000000000000000000000000000000000000000
1000000000000000000000000000000000000000000000000000000000
100000000000000000000000000000000000000000000000000000000
100000000000000000000000000000000000000000000000000000000
10000000000000000000000000000000000000000000000000000000
10000000000000000000000000000000000000000000000000000000
1000000000000000000000000000000000000000000000000000000
1000000000000000000000000000000000000000000000000000000
100000000000000000000000000000000000000000000000000000
100000000000000000000000000000000000000000000000000000
10000000000000000000000000000000000000000000000000000
10000000000000000000000000000000000000000000000000000
1000000000000000000000000000000000000000000000000000
1000000000000000000000000000000000000000000000000000
100000000000000000000000000000000000000000000000000
100000000000000000000000000000000000000000000000000
10000000000000000000000000000000000000000000000000
10000000000000000000000000000000000000000000000000
1000000000000000000000000000000000000000000000000
1000000000000000000000000000000000000000000000000
100000000000000000000000000000000000000000000000
100000000000000000000000000000000000000000000000
10000000000000000000000000000000000000000000000
10000000000000000000000000000000000000000000000
1000000000000000000000000000000000000000000000
1000000000000000000000000000000000000000000000
100000000000000000000000000000000000000000000
100000000000000000000000000000000000000000000
10000000000000000000000000000000000000000000
10000000000000000000000000000000000000000000
1000000000000000000000000000000000000000000
1000000000000000000000000000000000000000000
100000000000000000000000000000000000000000
100000000000000000000000000000000000000000
10000000000000000000000000000000000000000
10000000000000000000000000000000000000000
1000000000000000000000000000000000000000
1000000000000000000000000000000000000000
100000000000000000000000000000000000000
100000000000000000000000000000000000000
10000000000000000000000000000000000000
10000000000000000000000000000000000000
1000000000000000000000000000000000000
1000000000000000000000000000000000000
100000000000000000000000000000000000
100000000000000000000000000000000000
10000000000000000000000000000000000
10000000000000000000000000000000000
1000000000000000000000000000000000
1000000000000000000000000000000000
100000000000000000000000000000000
100000000000000000000000000000000
10000000000000000000000000000000
10000000000000000000000000000000
1000000000000000000000000000000
1000000000000000000000000000000
100000000000000000000000000000
100000000000000000000000000000
10000000000000000000000000000
10000000000000000000000000000
1000000000000000000000000000
1000000000000000000000000000
100000000000000000000000000
100000000000000000000000000
10000000000000000000000000
10000000000000000000000000
1000000000000000000000000
1000000000000000000000000
100000000000000000000000
100000000000000000000000
10000000000000000000000
10000000000000000000000
1000000000000000000000
1000000000000000000000
100000000000000000000
100000000000000000000
10000000000000000000
10000000000000000000
1000000000000000000
1000000000000000000
100000000000000000
100000000000000000
10000000000000000
10000000000000000
1000000000000000
1000000000000000
100000000000000
100000000000000
10000000000000
10000000000000
1000000000000
1000000000000
100000000000
100000000000
10000000000
10000000000
1000000000
1000000000
100000000
100000000
10000000
10000000
1000000
1000000
100000
100000
10000
10000
1000
1000
100
100
10
10
1
1
