# 
n 150
t 111111111111111333333333333333333333333333333333333333333333333333333333333
100000000000000000000000001000000000010000000000000100000000000000000000100
100000000000000001000000000000001000100001100000001000000000010010000000000
10000000000000100000000000101000100000000000000000000000000001000000000000
10000000000000000000001000000000000011000000000001010000000000000000000000
1000000000000000000010000000000000000010000000000000010000001000000000000
1000000000000000000000000000000000000000000001000000000001000000000000100
100000000000000000000110100000000000000000000000000001000000000000000000
100000000000001000100000000000000010000000000000000000000000000001000000
10000000000001000000100100110100000100000000000000101010000000000000000
10000000000000000000000000000000000000100000000010000001000000000000001
1000000000000001000011000100000000000010000000000010000000000000001010
1000000000000010010000000000010000000000001000000000100000000000010000
100000000000000000000000100001000000000000110000000000000000000000101
100000000110000000000000001000000000001100000000000000000000010000000
10000000000000000000000000000100000001000000000000000010000000000000
10000000000000100000000000100000101000000000000000000000000000001000
1000000000000000000000001010000000000010000000000010000001100000000
1000000110100001000010000000000010000000001000001100100000010010010
100000000001000000000000000000010000000000000000001100000000000000
100000000000100000010010000000000000010000100000000000000000000000
10000000110000000000000000000000000110010100000000000000000100000
10000000000010000000000000000000010000000010100000000000101000000
1000000011001000001000000000000001100000000000000000001000000010
1000010000000001000000000000000010000100000000000000100000100000
100000100000010000000000001001000000010000000000000010100000000
100000000000000000000010000000100000000001000000110000000101000
10000000000100001010000100000000000100001000100000000001000000
10000000000000010000001001000000000000000010000001101000000001
1000000000000000000000000000000001000000000010000110010010000
1000000000000000000001000100000000000001100000000000000000000
100000000000000000000000000000000000000000000000000000000000
100000000000000000000000000000000000000000000000000000000000
10000000000000000000000000000000000000000000000000000000000
10000000000000000000000000000000000000000000000000000000000
1000000000000000000000000000000000000000000000000000000000
1000000000000000000000000000000000000000000000000000000000
100000000000000000000000000000000000000000000000000000000
100000000000000000000000000000000000000000000000000000000
10000000000000000000000000000000000000000000000000000000
10000000000000000000000000000000000000000000000000000000
1000000000000000000000000000000000000000000000000000000
1000000000000000000000000000000000000000000000000000000
100000000000000000000000000000000000000000000000000000
100000000000000000000000000000000000000000000000000000
10000000000000000000000000000000000000000000000000000
10000000000000000000000000000000000000000000000000000
1000000000000000000000000000000000000000000000000000
1000000000000000000000000000000000000000000000000000
100000000000000000000000000000000000000000000000000
100000000000000000000000000000000000000000000000000
10000000000000000000000000000000000000000000000000
10000000000000000000000000000000000000000000000000
1000000000000000000000000000000000000000000000000
1000000000000000000000000000000000000000000000000
100000000000000000000000000000000000000000000000
100000000000000000000000000000000000000000000000
10000000000000000000000000000000000000000000000
10000000000000000000000000000000000000000000000
1000000000000000000000000000000000000000000000
1000000000000000000000000000000000000000000000
100000000000000000000000000000000000000000000
100000000000000000000000000000000000000000000
10000000000000000000000000000000000000000000
10000000000000000000000000000000000000000000
1000000000000000000000000000000000000000000
1000000000000000000000000000000000000000000
100000000000000000000000000000000000000000
100000000000000000000000000000000000000000
10000000000000000000000000000000000000000
10000000000000000000000000000000000000000
1000000000000000000000000000000000000000
1000000000000000000000000000000000000000
100000000000000000000000000000000000000
100000000000000000000000000000000000000
10000000000000000000000000000000000000
10000000000000000000000000000000000000
1000000000000000000000000000000000000
1000000000000000000000000000000000000
100000000000000000000000000000000000
100000000000000000000000000000000000
10000000000000000000000000000000000
10000000000000000000000000000000000
1000000000000000000000000000000000
1000000000000000000000000000000000
100000000000000000000000000000000
100000000000000000000000000000000
10000000000000000000000000000000
10000000000000000000000000000000
1000000000000000000000000000000
1000000000000000000000000000000
100000000000000000000000000000
100000000000000000000000000000
10000000000000000000000000000
10000000000000000000000000000
1000000000000000000000000000
1000000000000000000000000000
100000000000000000000000000
100000000000000000000000000
10000000000000000000000000
10000000000000000000000000
1000000000000000000000000
1000000000000000000000000
100000000000000000000000
100000000000000000000000
10000000000000000000000
10000000000000000000000
1000000000000000000000
1000000000000000000000
100000000000000000000
100000000000000000000
10000000000000000000
10000000000000000000
1000000000000000000
1000000000000000000
100000000000000000
100000000000000000
10000000000000000
10000000000000000
1000000000000000
1000000000000000
100000000000000
100000000000000
10000000000000
10000000000000
1000000000000
1000000000000
100000000000
100000000000
10000000000
10000000000
1000000000
1000000000
100000000
100000000
10000000
10000000
1000000
1000000
100000
100000
10000
10000
1000
1000
100
100
10
10
1
1
