# 
n 150
t 111111111111111333333333333333333333333333333333333333333333333333333333333
100000000000000000000000000000000000000010010000000000000000000000100000000
100000000000000000000010000000010000000000000000000001001000000000000000000
10000000000000001001000000000000000000000000100000000000000000000000000000
10000000000000000010001000000000001001100001000000101000000000000100010000
1000000000000000000000010000000000000001000001000000010000000101001101010
1000000000000000001000000000000000010100000010000010100000000000000000000
100000000000010000000000000000000000000000000000000000010000010000000000
100000000000000001000001010001001100000100010100000000001000000000010000
10000000000100000100000000010000000010001000000000000010100000000000000
10000000000000000000000000000000000000000100000000100101000000000000010
1000000000010000100000000000000000000000000001100000000000100000110010
1000000000000000000000100000000000000000000110000100000010000000001000
100000000000100101000000001000001000000001000000000001000000000000000
100000000001000000000010000000100000100000000010000000000000000001001
10000000000000010000000100100000000010000000000000000001000000000000
10000000000100000000000000000000001000000010000000100000000000000000
1000000010000000100000100000000100000000000000000000000001010000001
1000000000100000000000000000000000000010000100000000000000000000100
100000001000000001000100000000000000000001000000100100000010000000
100000000000000000001000000001000000000000000000000001010000000000
10000000000000000000000010100000000000000000000000000000000000000
10000100000000110101000000000000000000000000000000000001000000000
1000000000000001000000000000000100000000000001010001000001000000
1000100000000000010000001010000001000000000010000010000000000000
100000010001000000001000000000010000000000001000000000000000000
100000000000000100010100000010000000100000000000000100000000100
10000000000010000000010010001000000000011010000000010100100000
10000000010000001000000000000000100000000000000100000000000001
1000010000000000000010000000000001000000000000000000001000100
1000000000100000000100000000000000011000000000010000010000000
100000000000000000000000000000000000000000000000000000000000
100000000000000000000000000000000000000000000000000000000000
10000000000000000000000000000000000000000000000000000000000
10000000000000000000000000000000000000000000000000000000000
1000000000000000000000000000000000000000000000000000000000
1000000000000000000000000000000000000000000000000000000000
100000000000000000000000000000000000000000000000000000000
100000000000000000000000000000000000000000000000000000000
10000000000000000000000000000000000000000000000000000000
10000000000000000000000000000000000000000000000000000000
1000000000000000000000000000000000000000000000000000000
1000000000000000000000000000000000000000000000000000000
100000000000000000000000000000000000000000000000000000
100000000000000000000000000000000000000000000000000000
10000000000000000000000000000000000000000000000000000
10000000000000000000000000000000000000000000000000000
1000000000000000000000000000000000000000000000000000
1000000000000000000000000000000000000000000000000000
100000000000000000000000000000000000000000000000000
100000000000000000000000000000000000000000000000000
10000000000000000000000000000000000000000000000000
10000000000000000000000000000000000000000000000000
1000000000000000000000000000000000000000000000000
1000000000000000000000000000000000000000000000000
100000000000000000000000000000000000000000000000
100000000000000000000000000000000000000000000000
10000000000000000000000000000000000000000000000
10000000000000000000000000000000000000000000000
1000000000000000000000000000000000000000000000
1000000000000000000000000000000000000000000000
100000000000000000000000000000000000000000000
100000000000000000000000000000000000000000000
10000000000000000000000000000000000000000000
10000000000000000000000000000000000000000000
1000000000000000000000000000000000000000000
1000000000000000000000000000000000000000000
100000000000000000000000000000000000000000
100000000000000000000000000000000000000000
10000000000000000000000000000000000000000
10000000000000000000000000000000000000000
1000000000000000000000000000000000000000
1000000000000000000000000000000000000000
100000000000000000000000000000000000000
100000000000000000000000000000000000000
10000000000000000000000000000000000000
10000000000000000000000000000000000000
1000000000000000000000000000000000000
1000000000000000000000000000000000000
100000000000000000000000000000000000
100000000000000000000000000000000000
10000000000000000000000000000000000
10000000000000000000000000000000000
1000000000000000000000000000000000
1000000000000000000000000000000000
100000000000000000000000000000000
100000000000000000000000000000000
10000000000000000000000000000000
10000000000000000000000000000000
1000000000000000000000000000000
1000000000000000000000000000000
100000000000000000000000000000
100000000000000000000000000000
10000000000000000000000000000
10000000000000000000000000000
1000000000000000000000000000
1000000000000000000000000000
100000000000000000000000000
100000000000000000000000000
10000000000000000000000000
10000000000000000000000000
1000000000000000000000000
1000000000000000000000000
100000000000000000000000
100000000000000000000000
10000000000000000000000
10000000000000000000000
1000000000000000000000
1000000000000000000000
100000000000000000000
100000000000000000000
10000000000000000000
10000000000000000000
1000000000000000000
1000000000000000000
100000000000000000
100000000000000000
10000000000000000
10000000000000000
1000000000000000
1000000000000000
100000000000000
100000000000000
10000000000000
10000000000000
1000000000000
1000000000000
100000000000
100000000000
10000000000
10000000000
1000000000
1000000000
100000000
100000000
10000000
10000000
1000000
1000000
100000
100000
10000
10000
1000
1000
100
100
10
10
1
1
