# 
n 150
t 111111111111111333333333333333333333333333333333333333333333333333333333333
100000000000000000001010000000000000000001000001000000000000100000000000000
100000000000000000000000000000000000001000000010000000001000010000010000000
10000000000000100000000000100000000100010000000000000000000000001001000000
10000000000000000000000000000001000000000000000000000100000001000000010010
1000000000000000010000000100110001000001000000000000000000010000000100000
1000000000000001000000000000000000000110000000000000000010000011001001000
100000000000000000000010000000000000000000100000100001001000000000000100
100000000000000000100000000000000000000000000000000000000000000000000000
10000000000100000001000000000001000000000000000010000000000000000010000
10000000000000100000000000010000000000000100000000000000000000000000000
1000000000001000010100000000000010100000000000000000000101010000001000
1000000000000000000000001000000000000000000100001000000000000000000110
100000000000000100000100000001000000000000010000010000000000100100000
100000000110000000001011000000000000000000000010000010001000000001001
10000000000010000000000000000000000000000000001000001000100000000000
10000000000000000101000000000000000011000001000000000000000000000000
1000000000000000000000000000000100000011100010000000000100000000001
1000000000100000010001000000001000100000000000010000000000010100000
100000000000100000000001100001000010010000000100000000000000000000
100000000001000000000000000000000100000000000000110000000100000000
10000001001001000000010000010000000000001100000000100000000000000
10000010000000000000000010000000100000000000000000000000110000000
1000000000000000000001000100000001100010000100000010000000000000
1000000000000000010000010000000000000000001000000000010000000000
100000000001100010000000000000000000000100000001000000001000100
100010000000000000000100000000000000100000000000000000000000000
10000000000000000000100010001000000010000000100000000000000010
10000000000011000100000100000010000000000000000000001000000000
1000110000000000100000000000000001001000001100000100000000000
1000000010000000000010000010001000000000010000000000000010001
100000000000000000000000000000000000000000000000000000000000
100000000000000000000000000000000000000000000000000000000000
10000000000000000000000000000000000000000000000000000000000
10000000000000000000000000000000000000000000000000000000000
1000000000000000000000000000000000000000000000000000000000
1000000000000000000000000000000000000000000000000000000000
100000000000000000000000000000000000000000000000000000000
100000000000000000000000000000000000000000000000000000000
10000000000000000000000000000000000000000000000000000000
10000000000000000000000000000000000000000000000000000000
1000000000000000000000000000000000000000000000000000000
1000000000000000000000000000000000000000000000000000000
100000000000000000000000000000000000000000000000000000
100000000000000000000000000000000000000000000000000000
10000000000000000000000000000000000000000000000000000
10000000000000000000000000000000000000000000000000000
1000000000000000000000000000000000000000000000000000
1000000000000000000000000000000000000000000000000000
100000000000000000000000000000000000000000000000000
100000000000000000000000000000000000000000000000000
10000000000000000000000000000000000000000000000000
10000000000000000000000000000000000000000000000000
1000000000000000000000000000000000000000000000000
1000000000000000000000000000000000000000000000000
100000000000000000000000000000000000000000000000
100000000000000000000000000000000000000000000000
10000000000000000000000000000000000000000000000
10000000000000000000000000000000000000000000000
1000000000000000000000000000000000000000000000
1000000000000000000000000000000000000000000000
100000000000000000000000000000000000000000000
100000000000000000000000000000000000000000000
10000000000000000000000000000000000000000000
10000000000000000000000000000000000000000000
1000000000000000000000000000000000000000000
1000000000000000000000000000000000000000000
100000000000000000000000000000000000000000
100000000000000000000000000000000000000000
10000000000000000000000000000000000000000
10000000000000000000000000000000000000000
1000000000000000000000000000000000000000
1000000000000000000000000000000000000000
100000000000000000000000000000000000000
100000000000000000000000000000000000000
10000000000000000000000000000000000000
10000000000000000000000000000000000000
1000000000000000000000000000000000000
1000000000000000000000000000000000000
100000000000000000000000000000000000
100000000000000000000000000000000000
10000000000000000000000000000000000
10000000000000000000000000000000000
1000000000000000000000000000000000
1000000000000000000000000000000000
100000000000000000000000000000000
100000000000000000000000000000000
10000000000000000000000000000000
10000000000000000000000000000000
1000000000000000000000000000000
1000000000000000000000000000000
100000000000000000000000000000
100000000000000000000000000000
10000000000000000000000000000
10000000000000000000000000000
1000000000000000000000000000
1000000000000000000000000000
100000000000000000000000000
100000000000000000000000000
10000000000000000000000000
10000000000000000000000000
1000000000000000000000000
1000000000000000000000000
100000000000000000000000
100000000000000000000000
10000000000000000000000
10000000000000000000000
1000000000000000000000
1000000000000000000000
100000000000000000000
100000000000000000000
10000000000000000000
10000000000000000000
1000000000000000000
1000000000000000000
100000000000000000
100000000000000000
10000000000000000
10000000000000000
1000000000000000
1000000000000000
100000000000000
100000000000000
10000000000000
10000000000000
1000000000000
1000000000000
100000000000
100000000000
10000000000
10000000000
1000000000
1000000000
100000000
100000000
10000000
10000000
1000000
1000000
100000
100000
10000
10000
1000
1000
100
100
10
10
1
1
