# 
n 150
t 111111111111111333333333333333333333333333333333333333333333333333333333333
100000000000000000110100000000000000000010000000000000000000000001000000001
100000000000000000000000000000000000000000000011000100101000010000000000000
10000000000000001000000000010000000001101000000000000000000000000000000000
10000000000000010000000001000000001100000010000000100000000000100100010000
1000000000000000000000000001000000001000000000010100000000000000010000000
1000000000000000000000000000111000010000000000000010000000000000000100100
100000000000000000000000000000000000000000000000000000000000000010000100
100000000000000000001000000100000000000100001000000000000000000000001000
10000000000001000000000000000000000000000010010000000000000000010000010
10000000000000000000000001101000000000000000001010100000000000000001000
1000000000000001000000000000000100010000000000000000000000000000000000
1000000000000000000000010000100000101000000000000000000000000000000000
100000000000000000010000000010000000000001100000000100000100000000000
100000000010000000000000000001010001000010000000010000000000001000001
10000000000000000000000010000000000001100100001000000010010000000001
10000000000000000010000001000000010100000000000000000001000000000000
1000000000000000000000000000000000000000000001000100000000000000000
1000000000000100000100000000000000000000000000000000000000100000000
100000000001000100000000001000000000000100000000111000010000000000
100000000000010001000000010100000000100000010010000100000000000000
10000100000000000000000000000000001000011000000001100000000000000
10000000000010000000010000000000000100000000000010000000000001000
1000000000011000100000000000000100000000000000000000010000000000
1000000000000100000000100000000010000000001000000000000000100000
100010000001000000000000000100000000000000000000000001000000010
100000110000000000000000011000000000000000001000011000001000000
10000001000100010000000000000000000000000000011000000000000000
10100000000010101000000000000000000000000000000101101000010100
1101100100001000000010000000001000000000010000000000101100000
1000010000000000000100000000010000001000101000000000000010010
100000000000000000000000000000000000000000000000000000000000
100000000000000000000000000000000000000000000000000000000000
10000000000000000000000000000000000000000000000000000000000
10000000000000000000000000000000000000000000000000000000000
1000000000000000000000000000000000000000000000000000000000
1000000000000000000000000000000000000000000000000000000000
100000000000000000000000000000000000000000000000000000000
100000000000000000000000000000000000000000000000000000000
10000000000000000000000000000000000000000000000000000000
10000000000000000000000000000000000000000000000000000000
1000000000000000000000000000000000000000000000000000000
1000000000000000000000000000000000000000000000000000000
100000000000000000000000000000000000000000000000000000
100000000000000000000000000000000000000000000000000000
10000000000000000000000000000000000000000000000000000
10000000000000000000000000000000000000000000000000000
1000000000000000000000000000000000000000000000000000
1000000000000000000000000000000000000000000000000000
100000000000000000000000000000000000000000000000000
100000000000000000000000000000000000000000000000000
10000000000000000000000000000000000000000000000000
10000000000000000000000000000000000000000000000000
1000000000000000000000000000000000000000000000000
1000000000000000000000000000000000000000000000000
100000000000000000000000000000000000000000000000
100000000000000000000000000000000000000000000000
10000000000000000000000000000000000000000000000
10000000000000000000000000000000000000000000000
1000000000000000000000000000000000000000000000
1000000000000000000000000000000000000000000000
100000000000000000000000000000000000000000000
100000000000000000000000000000000000000000000
10000000000000000000000000000000000000000000
10000000000000000000000000000000000000000000
1000000000000000000000000000000000000000000
1000000000000000000000000000000000000000000
100000000000000000000000000000000000000000
100000000000000000000000000000000000000000
10000000000000000000000000000000000000000
10000000000000000000000000000000000000000
1000000000000000000000000000000000000000
1000000000000000000000000000000000000000
100000000000000000000000000000000000000
100000000000000000000000000000000000000
10000000000000000000000000000000000000
10000000000000000000000000000000000000
1000000000000000000000000000000000000
1000000000000000000000000000000000000
100000000000000000000000000000000000
100000000000000000000000000000000000
10000000000000000000000000000000000
10000000000000000000000000000000000
1000000000000000000000000000000000
1000000000000000000000000000000000
100000000000000000000000000000000
100000000000000000000000000000000
10000000000000000000000000000000
10000000000000000000000000000000
1000000000000000000000000000000
1000000000000000000000000000000
100000000000000000000000000000
100000000000000000000000000000
10000000000000000000000000000
10000000000000000000000000000
1000000000000000000000000000
1000000000000000000000000000
100000000000000000000000000
100000000000000000000000000
10000000000000000000000000
10000000000000000000000000
1000000000000000000000000
1000000000000000000000000
100000000000000000000000
100000000000000000000000
10000000000000000000000
10000000000000000000000
1000000000000000000000
1000000000000000000000
100000000000000000000
100000000000000000000
10000000000000000000
10000000000000000000
1000000000000000000
1000000000000000000
100000000000000000
100000000000000000
10000000000000000
10000000000000000
1000000000000000
1000000000000000
100000000000000
100000000000000
10000000000000
10000000000000
1000000000000
1000000000000
100000000000
100000000000
10000000000
10000000000
1000000000
1000000000
100000000
100000000
10000000
10000000
1000000
1000000
100000
100000
10000
10000
1000
1000
100
100
10
10
1
1
