# 
n 150
t 111111111111111333333333333333333333333333333333333333333333333333333333333
100000000000000100100011000000100010001000000000000000101000000000000100001
100000000000000000000000100000000000000000000000000000000000010000000001000
10000000000000000000000000000000001000000100000001000000000000000000000000
10000000000000000011001000000001000100000000101000000001000100001010000001
1000000000000000000000010000000000000010010000000000010000010000000000000
1000000000000000000010000001000000010000000001000100000010000010000100100
100000000000000000010001000000000010000000000000011000100000000000000000
100000000000011000100000000000000000000010010000000100000000000000000000
10000000000000010000000010000010000001000000000000000001000000000000100
10000000000001001000010000010000100000000000000000000000000000100000001
1000000000000000000000000000000010100000000000000000000000000000000000
1000000000000000000000000100000000000000000000010000000000000000000010
100000000000001001000000100000000000000000110000000100101000001000000
100000000000000000000000000000000000000000000011000000000000000000010
10000000001000000000000000001000000001001000000001000001100000000000
10000000010000000000000000000000010000000000001000000000000000000000
1000000000000000100100000000000000000010100000010000010000100010000
1000000000100000000000000100000000000000000000000001000000001000000
100000100000000000101000000000100000000000000000000000000000010000
100000000000000000010000000001010101000011000000000000000001001000
10000000100000001000010100000000000000000100000001000100000000010
10000100000000000100000000000001010000010000000000000000010000100
1000000000000000000000000100000101000000000000100100000010000000
1000000000000100000000000000000000100000100100010000010100000000
100000000000001000000100000000000000001000000010000001000000000
100000010000010011001000000000000100000000000000000000000000000
10010000000000000010000000100000000000000000000001000000100000
10000000100000000000000000000000000000000010000000000000011000
1000000100000000000000001001000010000000000000000011000000000
1000000000000000001011000000000000100000000000000100000000000
100000000000000000000000000000000000000000000000000000000000
100000000000000000000000000000000000000000000000000000000000
10000000000000000000000000000000000000000000000000000000000
10000000000000000000000000000000000000000000000000000000000
1000000000000000000000000000000000000000000000000000000000
1000000000000000000000000000000000000000000000000000000000
100000000000000000000000000000000000000000000000000000000
100000000000000000000000000000000000000000000000000000000
10000000000000000000000000000000000000000000000000000000
10000000000000000000000000000000000000000000000000000000
1000000000000000000000000000000000000000000000000000000
1000000000000000000000000000000000000000000000000000000
100000000000000000000000000000000000000000000000000000
100000000000000000000000000000000000000000000000000000
10000000000000000000000000000000000000000000000000000
10000000000000000000000000000000000000000000000000000
1000000000000000000000000000000000000000000000000000
1000000000000000000000000000000000000000000000000000
100000000000000000000000000000000000000000000000000
100000000000000000000000000000000000000000000000000
10000000000000000000000000000000000000000000000000
10000000000000000000000000000000000000000000000000
1000000000000000000000000000000000000000000000000
1000000000000000000000000000000000000000000000000
100000000000000000000000000000000000000000000000
100000000000000000000000000000000000000000000000
10000000000000000000000000000000000000000000000
10000000000000000000000000000000000000000000000
1000000000000000000000000000000000000000000000
1000000000000000000000000000000000000000000000
100000000000000000000000000000000000000000000
100000000000000000000000000000000000000000000
10000000000000000000000000000000000000000000
10000000000000000000000000000000000000000000
1000000000000000000000000000000000000000000
1000000000000000000000000000000000000000000
100000000000000000000000000000000000000000
100000000000000000000000000000000000000000
10000000000000000000000000000000000000000
10000000000000000000000000000000000000000
1000000000000000000000000000000000000000
1000000000000000000000000000000000000000
100000000000000000000000000000000000000
100000000000000000000000000000000000000
10000000000000000000000000000000000000
10000000000000000000000000000000000000
1000000000000000000000000000000000000
1000000000000000000000000000000000000
100000000000000000000000000000000000
100000000000000000000000000000000000
10000000000000000000000000000000000
10000000000000000000000000000000000
1000000000000000000000000000000000
1000000000000000000000000000000000
100000000000000000000000000000000
100000000000000000000000000000000
10000000000000000000000000000000
10000000000000000000000000000000
1000000000000000000000000000000
1000000000000000000000000000000
100000000000000000000000000000
100000000000000000000000000000
10000000000000000000000000000
10000000000000000000000000000
1000000000000000000000000000
1000000000000000000000000000
100000000000000000000000000
100000000000000000000000000
10000000000000000000000000
10000000000000000000000000
1000000000000000000000000
1000000000000000000000000
100000000000000000000000
100000000000000000000000
10000000000000000000000
10000000000000000000000
1000000000000000000000
1000000000000000000000
100000000000000000000
100000000000000000000
10000000000000000000
10000000000000000000
1000000000000000000
1000000000000000000
100000000000000000
100000000000000000
10000000000000000
10000000000000000
1000000000000000
1000000000000000
100000000000000
100000000000000
10000000000000
10000000000000
1000000000000
1000000000000
100000000000
100000000000
10000000000
10000000000
1000000000
1000000000
100000000
100000000
10000000
10000000
1000000
1000000
100000
100000
10000
10000
1000
1000
100
100
10
10
1
1
