# 
n 150
t 111111111111111333333333333333333333333333333333333333333333333333333333333
100000000000000000000100000000000000000000000000000000000000000000000010001
100000000000000000000010000010010100101000000000000000000000000000100000010
10000000000000000011000000000100000000000000000000000000000100000000000000
10000000000000000000000010000000000000010000000100000000100000000000000100
1000000000000000000000000000000000010000010000010000000000000000000000000
1000000000000001000000000000000000000000001000000000101010000000000000010
100000000000010100000000000000100000000100000000000000000000000000000100
100000000000000000000100000000010000000001001100100001000101010001001000
10000000000000000000000001000000000000000000000000000000000101000000000
10000000000000100100000010000000000000000000001000100000000010010100000
1000000000100000000001000000001011000000000001000000010010000000000000
1000000000000000000010000000000000010000000000001010000000001010000000
100000000000000000000000000000000100000000000000000000000100001000000
100000000010000001000100000000100000010000100010010000000000000001001
10000000000000000100000111100000000000111000000000000001100000010000
10000000000001100000000000001100011000000000000000001000000001000000
1000000000000000000100000000000000100000000110001000000000000000000
1000000000010000000000000000000100011010000000000110000000000000000
100000000000000000000001000000100000000000000000000000000100000100
100000010110000110000000000000000000001000100000000000000000001010
10000000000000000000000000000000000000000000000000000000000000000
10000000000000000000010000000000000010000001000000000000000000000
1000000000000000110000000000001000000000000000000010001000100001
1000100000011001000000001001000100000000000100001000000000010000
100000000000000000000000000000000000000000000000001000000000000
100001000000000001000010010000000000010000000000000000000000000
10001000011000000101000000000000000000011010100000000000000000
10100000000001001000000000001000100010000000000100000100000000
1000000000000000000000000000000100001000000001000010010000000
1000001000000000000010000000000000000000000000010000000100000
100000000000000000000000000000000000000000000000000000000000
100000000000000000000000000000000000000000000000000000000000
10000000000000000000000000000000000000000000000000000000000
10000000000000000000000000000000000000000000000000000000000
1000000000000000000000000000000000000000000000000000000000
1000000000000000000000000000000000000000000000000000000000
100000000000000000000000000000000000000000000000000000000
100000000000000000000000000000000000000000000000000000000
10000000000000000000000000000000000000000000000000000000
10000000000000000000000000000000000000000000000000000000
1000000000000000000000000000000000000000000000000000000
1000000000000000000000000000000000000000000000000000000
100000000000000000000000000000000000000000000000000000
100000000000000000000000000000000000000000000000000000
10000000000000000000000000000000000000000000000000000
10000000000000000000000000000000000000000000000000000
1000000000000000000000000000000000000000000000000000
1000000000000000000000000000000000000000000000000000
100000000000000000000000000000000000000000000000000
100000000000000000000000000000000000000000000000000
10000000000000000000000000000000000000000000000000
10000000000000000000000000000000000000000000000000
1000000000000000000000000000000000000000000000000
1000000000000000000000000000000000000000000000000
100000000000000000000000000000000000000000000000
100000000000000000000000000000000000000000000000
10000000000000000000000000000000000000000000000
10000000000000000000000000000000000000000000000
1000000000000000000000000000000000000000000000
1000000000000000000000000000000000000000000000
100000000000000000000000000000000000000000000
100000000000000000000000000000000000000000000
10000000000000000000000000000000000000000000
10000000000000000000000000000000000000000000
1000000000000000000000000000000000000000000
1000000000000000000000000000000000000000000
100000000000000000000000000000000000000000
100000000000000000000000000000000000000000
10000000000000000000000000000000000000000
10000000000000000000000000000000000000000
1000000000000000000000000000000000000000
1000000000000000000000000000000000000000
100000000000000000000000000000000000000
100000000000000000000000000000000000000
10000000000000000000000000000000000000
10000000000000000000000000000000000000
1000000000000000000000000000000000000
1000000000000000000000000000000000000
100000000000000000000000000000000000
100000000000000000000000000000000000
10000000000000000000000000000000000
10000000000000000000000000000000000
1000000000000000000000000000000000
1000000000000000000000000000000000
100000000000000000000000000000000
100000000000000000000000000000000
10000000000000000000000000000000
10000000000000000000000000000000
1000000000000000000000000000000
1000000000000000000000000000000
100000000000000000000000000000
100000000000000000000000000000
10000000000000000000000000000
10000000000000000000000000000
1000000000000000000000000000
1000000000000000000000000000
100000000000000000000000000
100000000000000000000000000
10000000000000000000000000
10000000000000000000000000
1000000000000000000000000
1000000000000000000000000
100000000000000000000000
100000000000000000000000
10000000000000000000000
10000000000000000000000
1000000000000000000000
1000000000000000000000
100000000000000000000
100000000000000000000
10000000000000000000
10000000000000000000
1000000000000000000
1000000000000000000
100000000000000000
100000000000000000
10000000000000000
10000000000000000
1000000000000000
1000000000000000
100000000000000
100000000000000
10000000000000
10000000000000
1000000000000
1000000000000
100000000000
100000000000
10000000000
10000000000
1000000000
1000000000
100000000
100000000
10000000
10000000
1000000
1000000
100000
100000
10000
10000
1000
1000
100
100
10
10
1
1
