# 
n 150
t 111111111111111333333333333333333333333333333333333333333333333333333333333
100000000000000000000001000100001000000000000000000000000000001100000000000
100000000000000000000100000000000000000000000000001000000000000000100000000
10000000000000000001000000000000000010000000000000000100000001000000000000
10000000000000010000000000000000000001000001001000100001000000100001000000
1000000000000010000000010000000010000100000000000000000000000000000000001
1000000000000000100000000000000000000000010100100000010000000000000010000
100000000000100010000000000010001000100010000010000000010000001100000100
100000000000000000000000000000000000010000000100000000001001000010000000
10000000000000001000000000000000000000000000000010000000100000000000000
10000000000000000000000001000001000100000001110000010000000100000000000
1000000000000000010000000000000001000000000000000000000000000000000000
1000000000000110000000000100110010001000010000000000000000000000000000
100000000100000010000000010000010000000000000000000100100011000000000
100000000000010000010010000000000000010000000010000010000000001001010
10000000000000000000000000010000000001000000000001000000000000000000
10000000000000000001011000100000001000010000000000000010000101100000
1000000001001001000010000000100000100000001001000000000000010000100
1000000000000010000000000000000000000000000000101000100000000000001
100000100100100000000000000000000000000000000000000000000000000000
100000000000000001000001000100000000100010001000100000001000000000
10000000000000000100000000100001100000000000000000000010010001000
10000000000000000000010000000000000010000000000000000000000100000
1000000000100000000000000000000001000000000000000000000000100010
1000000000000000000101000000010000100000100000001000010000011000
100001000000100000100000001000000001001000010000000000000000000
100000000000000001000000000000000000000110000100000000000000000
10001000000100100000001000000100000000001000001000000000000100
10010000000010000000100000000000000000000000000010000000010000
1000000000101000000000000000000000000000000010000000000000001
1000000001000000000000000010000000000000100000010000000000010
100000000000000000000000000000000000000000000000000000000000
100000000000000000000000000000000000000000000000000000000000
10000000000000000000000000000000000000000000000000000000000
10000000000000000000000000000000000000000000000000000000000
1000000000000000000000000000000000000000000000000000000000
1000000000000000000000000000000000000000000000000000000000
100000000000000000000000000000000000000000000000000000000
100000000000000000000000000000000000000000000000000000000
10000000000000000000000000000000000000000000000000000000
10000000000000000000000000000000000000000000000000000000
1000000000000000000000000000000000000000000000000000000
1000000000000000000000000000000000000000000000000000000
100000000000000000000000000000000000000000000000000000
100000000000000000000000000000000000000000000000000000
10000000000000000000000000000000000000000000000000000
10000000000000000000000000000000000000000000000000000
1000000000000000000000000000000000000000000000000000
1000000000000000000000000000000000000000000000000000
100000000000000000000000000000000000000000000000000
100000000000000000000000000000000000000000000000000
10000000000000000000000000000000000000000000000000
10000000000000000000000000000000000000000000000000
1000000000000000000000000000000000000000000000000
1000000000000000000000000000000000000000000000000
100000000000000000000000000000000000000000000000
100000000000000000000000000000000000000000000000
10000000000000000000000000000000000000000000000
10000000000000000000000000000000000000000000000
1000000000000000000000000000000000000000000000
1000000000000000000000000000000000000000000000
100000000000000000000000000000000000000000000
100000000000000000000000000000000000000000000
10000000000000000000000000000000000000000000
10000000000000000000000000000000000000000000
1000000000000000000000000000000000000000000
1000000000000000000000000000000000000000000
100000000000000000000000000000000000000000
100000000000000000000000000000000000000000
10000000000000000000000000000000000000000
10000000000000000000000000000000000000000
1000000000000000000000000000000000000000
1000000000000000000000000000000000000000
100000000000000000000000000000000000000
100000000000000000000000000000000000000
10000000000000000000000000000000000000
10000000000000000000000000000000000000
1000000000000000000000000000000000000
1000000000000000000000000000000000000
100000000000000000000000000000000000
100000000000000000000000000000000000
10000000000000000000000000000000000
10000000000000000000000000000000000
1000000000000000000000000000000000
1000000000000000000000000000000000
100000000000000000000000000000000
100000000000000000000000000000000
10000000000000000000000000000000
10000000000000000000000000000000
1000000000000000000000000000000
1000000000000000000000000000000
100000000000000000000000000000
100000000000000000000000000000
10000000000000000000000000000
10000000000000000000000000000
1000000000000000000000000000
1000000000000000000000000000
100000000000000000000000000
100000000000000000000000000
10000000000000000000000000
10000000000000000000000000
1000000000000000000000000
1000000000000000000000000
100000000000000000000000
100000000000000000000000
10000000000000000000000
10000000000000000000000
1000000000000000000000
1000000000000000000000
100000000000000000000
100000000000000000000
10000000000000000000
10000000000000000000
1000000000000000000
1000000000000000000
100000000000000000
100000000000000000
10000000000000000
10000000000000000
1000000000000000
1000000000000000
100000000000000
100000000000000
10000000000000
10000000000000
1000000000000
1000000000000
100000000000
100000000000
10000000000
10000000000
1000000000
1000000000
100000000
100000000
10000000
10000000
1000000
1000000
100000
100000
10000
10000
1000
1000
100
100
10
10
1
1
