# 
n 150
t 111111111111111333333333333333333333333333333333333333333333333333333333333
100000000000000000000000000000000010000010001001001100000000000000000001000
100000000000000000000000000000000001000000000000000010000000000000110010000
10000000000000000000000010001000100100001000010000000000000000001001000000
10000000000000000000000000000000000001000000000000000000000010000000000000
1000000000000000111000000000000000010000000100001000000000001000100000001
1000000000000100000000000000110000000000000000000001100000000010000000010
100000000000000100001100000000000000000000010000000000001000010000000001
100000000000000000000000000001000001001000000000000000000101000000100010
10000000000000000010000000000010010000000001010000011001000000001010000
10000000000000000100000000010000000000000000100000100000010000000100000
1000000000000000001000000000010010000000000100010000000001000000000010
1000000000010100000000001000000100000000000000000000000000100000000000
100000000001000000000000000000000000000000001000000000100000010000000
100000000000000000000000000000000100011000000000000000000000000000000
10000000000000000000101101100100100100000000000001000000000000000000
10000000101000010000010000000000000010000000000000010000010000000000
1000000000000000100000000000000000000000000000000000000100000001000
1000000000000000001010100000000000000000000000000000000000000000001
100000000000000000000000001000100000000000001100100010000000000000
100000000010000010010000000000000010010000110000010000000001000000
10000001001000000000000000001001000000100001000100000000000000000
10000010010001010000000000000000100000000000000010000100000000100
1000000000000000000010000000000000000000000010100100001000001100
1000110000000001000000000000000000000000100000001000000000010000
100000000000100000000000000000001000000000000000000000100000100
100000000100000100000001000010000001000000000000000000000000000
10000000000000000000000000000000000000000001000000000000000000
10000001010000100001000000010000100010000000000000001000000000
1000000000000000000100000000100000000000010000000000010000000
1000000100001000000000000000000100010000000000000000000100000
100000000000000000000000000000000000000000000000000000000000
100000000000000000000000000000000000000000000000000000000000
10000000000000000000000000000000000000000000000000000000000
10000000000000000000000000000000000000000000000000000000000
1000000000000000000000000000000000000000000000000000000000
1000000000000000000000000000000000000000000000000000000000
100000000000000000000000000000000000000000000000000000000
100000000000000000000000000000000000000000000000000000000
10000000000000000000000000000000000000000000000000000000
10000000000000000000000000000000000000000000000000000000
1000000000000000000000000000000000000000000000000000000
1000000000000000000000000000000000000000000000000000000
100000000000000000000000000000000000000000000000000000
100000000000000000000000000000000000000000000000000000
10000000000000000000000000000000000000000000000000000
10000000000000000000000000000000000000000000000000000
1000000000000000000000000000000000000000000000000000
1000000000000000000000000000000000000000000000000000
100000000000000000000000000000000000000000000000000
100000000000000000000000000000000000000000000000000
10000000000000000000000000000000000000000000000000
10000000000000000000000000000000000000000000000000
1000000000000000000000000000000000000000000000000
1000000000000000000000000000000000000000000000000
100000000000000000000000000000000000000000000000
100000000000000000000000000000000000000000000000
10000000000000000000000000000000000000000000000
10000000000000000000000000000000000000000000000
1000000000000000000000000000000000000000000000
1000000000000000000000000000000000000000000000
100000000000000000000000000000000000000000000
100000000000000000000000000000000000000000000
10000000000000000000000000000000000000000000
10000000000000000000000000000000000000000000
1000000000000000000000000000000000000000000
1000000000000000000000000000000000000000000
100000000000000000000000000000000000000000
100000000000000000000000000000000000000000
10000000000000000000000000000000000000000
10000000000000000000000000000000000000000
1000000000000000000000000000000000000000
1000000000000000000000000000000000000000
100000000000000000000000000000000000000
100000000000000000000000000000000000000
10000000000000000000000000000000000000
10000000000000000000000000000000000000
1000000000000000000000000000000000000
1000000000000000000000000000000000000
100000000000000000000000000000000000
100000000000000000000000000000000000
10000000000000000000000000000000000
10000000000000000000000000000000000
1000000000000000000000000000000000
1000000000000000000000000000000000
100000000000000000000000000000000
100000000000000000000000000000000
10000000000000000000000000000000
10000000000000000000000000000000
1000000000000000000000000000000
1000000000000000000000000000000
100000000000000000000000000000
100000000000000000000000000000
10000000000000000000000000000
10000000000000000000000000000
1000000000000000000000000000
1000000000000000000000000000
100000000000000000000000000
100000000000000000000000000
10000000000000000000000000
10000000000000000000000000
1000000000000000000000000
1000000000000000000000000
100000000000000000000000
100000000000000000000000
10000000000000000000000
10000000000000000000000
1000000000000000000000
1000000000000000000000
100000000000000000000
100000000000000000000
10000000000000000000
10000000000000000000
1000000000000000000
1000000000000000000
100000000000000000
100000000000000000
10000000000000000
10000000000000000
1000000000000000
1000000000000000
100000000000000
100000000000000
10000000000000
10000000000000
1000000000000
1000000000000
100000000000
100000000000
10000000000
10000000000
1000000000
1000000000
100000000
100000000
10000000
10000000
1000000
1000000
100000
100000
10000
10000
1000
1000
100
100
10
10
1
1
