# 
n 150
t 111111111111111333333333333333333333333333333333333333333333333333333333333
100000000000000000000000000100100000100010000110000000100000000100000100000
100000000000000000001000000000000000000100010000001000010000000000000000001
10000000000000000000000000000010000000000001001000010000000110000000000000
10000000000000010000001000000001000001000000000000000000001000000000000000
1000000000000000000000000000001000000000010000000000000000001000000001000
1000000000000100001000000000000000000000000000001000000010000110000010000
100000000000000000000011000000010000000000000000010000000000000000000000
100000000000000000000100100000101011000010010000100000010000000000001001
10000000000000000110000001000000000000000000000001001001010000001100010
10000000000000001000000000010000000100000000001000010000000000000000000
1000000000100100000100000100000010000100000000000000000100000100000000
1000000000000000000010000000000000000000000000000000000010011010000001
100000000000000100000000000000000000000000000000000000000000000000000
100000000000010010001010000000000010000100000000000000000000000010000
10000000000000000100000000000000001000000010000000000000000000000000
10000000000000001010000001000000000000000000001000000000000000000100
1000000000000000000010000001010000001000000100000000001000000000000
1000000010000010000000000000100100000000000000000000000000000000000
100000001010000001101000000000011100000000010000000000001000001010
100000100000000000000000000000000000100000000100100000010010000000
10000000100100000001000010001000000000000000000100000001010000100
10000000000000000010000100100000000011100100000000000100100000000
1000000000000000000000010000001000000000000000000000000000000100
1000000000001000000000000000000000000000000000010000000000010000
100000000000000000000000000000001000000000000000100000000000000
100000000000000000100101000000000000000000101000000000101100010
10000110000000000000000000000000001110000010100000000000000000
10001000000000000000000000000100000000000001000000000000000000
1011000000000000010000000000000000110001000000000000000000000
1000000000000000000000000000000000000000000001001000001000000
100000000000000000000000000000000000000000000000000000000000
100000000000000000000000000000000000000000000000000000000000
10000000000000000000000000000000000000000000000000000000000
10000000000000000000000000000000000000000000000000000000000
1000000000000000000000000000000000000000000000000000000000
1000000000000000000000000000000000000000000000000000000000
100000000000000000000000000000000000000000000000000000000
100000000000000000000000000000000000000000000000000000000
10000000000000000000000000000000000000000000000000000000
10000000000000000000000000000000000000000000000000000000
1000000000000000000000000000000000000000000000000000000
1000000000000000000000000000000000000000000000000000000
100000000000000000000000000000000000000000000000000000
100000000000000000000000000000000000000000000000000000
10000000000000000000000000000000000000000000000000000
10000000000000000000000000000000000000000000000000000
1000000000000000000000000000000000000000000000000000
1000000000000000000000000000000000000000000000000000
100000000000000000000000000000000000000000000000000
100000000000000000000000000000000000000000000000000
10000000000000000000000000000000000000000000000000
10000000000000000000000000000000000000000000000000
1000000000000000000000000000000000000000000000000
1000000000000000000000000000000000000000000000000
100000000000000000000000000000000000000000000000
100000000000000000000000000000000000000000000000
10000000000000000000000000000000000000000000000
10000000000000000000000000000000000000000000000
1000000000000000000000000000000000000000000000
1000000000000000000000000000000000000000000000
100000000000000000000000000000000000000000000
100000000000000000000000000000000000000000000
10000000000000000000000000000000000000000000
10000000000000000000000000000000000000000000
1000000000000000000000000000000000000000000
1000000000000000000000000000000000000000000
100000000000000000000000000000000000000000
100000000000000000000000000000000000000000
10000000000000000000000000000000000000000
10000000000000000000000000000000000000000
1000000000000000000000000000000000000000
1000000000000000000000000000000000000000
100000000000000000000000000000000000000
100000000000000000000000000000000000000
10000000000000000000000000000000000000
10000000000000000000000000000000000000
1000000000000000000000000000000000000
1000000000000000000000000000000000000
100000000000000000000000000000000000
100000000000000000000000000000000000
10000000000000000000000000000000000
10000000000000000000000000000000000
1000000000000000000000000000000000
1000000000000000000000000000000000
100000000000000000000000000000000
100000000000000000000000000000000
10000000000000000000000000000000
10000000000000000000000000000000
1000000000000000000000000000000
1000000000000000000000000000000
100000000000000000000000000000
100000000000000000000000000000
10000000000000000000000000000
10000000000000000000000000000
1000000000000000000000000000
1000000000000000000000000000
100000000000000000000000000
100000000000000000000000000
10000000000000000000000000
10000000000000000000000000
1000000000000000000000000
1000000000000000000000000
100000000000000000000000
100000000000000000000000
10000000000000000000000
10000000000000000000000
1000000000000000000000
1000000000000000000000
100000000000000000000
100000000000000000000
10000000000000000000
10000000000000000000
1000000000000000000
1000000000000000000
100000000000000000
100000000000000000
10000000000000000
10000000000000000
1000000000000000
1000000000000000
100000000000000
100000000000000
10000000000000
10000000000000
1000000000000
1000000000000
100000000000
100000000000
10000000000
10000000000
1000000000
1000000000
100000000
100000000
10000000
10000000
1000000
1000000
100000
100000
10000
10000
1000
1000
100
100
10
10
1
1
