# 
n 150
t 111111111111111333333333333333333333333333333333333333333333333333333333333
100000000000000000000000000010001000010000000000000000010001000000000000000
100000000000000000000000000000100000000000000001000001000000000100000000100
10000000000000000000000000000000000000000000000001000000010000000100000100
10000000000000001000100000010100000000000000000000000100000000000000000010
1000000000000000000000010001000000000000001000010000000000000000000010000
1000000000000100000000000000011010000111000010000100000000000000000000000
100000000000000001100101000100000100000000001000000000000000000000000000
100000000000000000000000000000000000000000000000000000100100001000000000
10000000000000000000000000000000000000110000000000000001000010000001010
10000000000001000000000001000000101001000000000010000010000001010000000
1000000000000000000000010000000000100000000000000100000000100000000000
1000000000000000000000000000000010000000000000000000010010001000000000
100000000000010001000000000000000000000100100000000100000000000001101
100000000000100000010100000000000000000000000001000000011000000000000
10000000100010010000000000000001000000000000000000000100000100000000
10000000001100000000000000000000010000000010010001000001010001000000
1000000000000000000100000000010000000000000000000000101000011010000
1000000010000010000001000100000000000000100000000000000000000100000
100000000000000001000001100101100000000000000000000000000000001000
100000000010000100100000000000000000000000000000100000000000000000
10000000000000000000000011000000000000100000000000000000000100000
10000100001000000000000000000000010000001010010000000000100000000
1000000000000000000000000000000000100000101100000000000000000001
1000000000001000000000010000000010000000000000001000100010000010
100000000000010000010001000000000000000000000000000000000010000
100010001000000000000000000000100111010000001000000000000000000
10000000010001000000100000001100000000000000000000010001100000
10000100101000000010000000000001010000000000000010000000000000
1000000000100000000000000010000000000000001000000000000000000
1010000000000000000001000000001000001100010000000000000000001
100000000000000000000000000000000000000000000000000000000000
100000000000000000000000000000000000000000000000000000000000
10000000000000000000000000000000000000000000000000000000000
10000000000000000000000000000000000000000000000000000000000
1000000000000000000000000000000000000000000000000000000000
1000000000000000000000000000000000000000000000000000000000
100000000000000000000000000000000000000000000000000000000
100000000000000000000000000000000000000000000000000000000
10000000000000000000000000000000000000000000000000000000
10000000000000000000000000000000000000000000000000000000
1000000000000000000000000000000000000000000000000000000
1000000000000000000000000000000000000000000000000000000
100000000000000000000000000000000000000000000000000000
100000000000000000000000000000000000000000000000000000
10000000000000000000000000000000000000000000000000000
10000000000000000000000000000000000000000000000000000
1000000000000000000000000000000000000000000000000000
1000000000000000000000000000000000000000000000000000
100000000000000000000000000000000000000000000000000
100000000000000000000000000000000000000000000000000
10000000000000000000000000000000000000000000000000
10000000000000000000000000000000000000000000000000
1000000000000000000000000000000000000000000000000
1000000000000000000000000000000000000000000000000
100000000000000000000000000000000000000000000000
100000000000000000000000000000000000000000000000
10000000000000000000000000000000000000000000000
10000000000000000000000000000000000000000000000
1000000000000000000000000000000000000000000000
1000000000000000000000000000000000000000000000
100000000000000000000000000000000000000000000
100000000000000000000000000000000000000000000
10000000000000000000000000000000000000000000
10000000000000000000000000000000000000000000
1000000000000000000000000000000000000000000
1000000000000000000000000000000000000000000
100000000000000000000000000000000000000000
100000000000000000000000000000000000000000
10000000000000000000000000000000000000000
10000000000000000000000000000000000000000
1000000000000000000000000000000000000000
1000000000000000000000000000000000000000
100000000000000000000000000000000000000
100000000000000000000000000000000000000
10000000000000000000000000000000000000
10000000000000000000000000000000000000
1000000000000000000000000000000000000
1000000000000000000000000000000000000
100000000000000000000000000000000000
100000000000000000000000000000000000
10000000000000000000000000000000000
10000000000000000000000000000000000
1000000000000000000000000000000000
1000000000000000000000000000000000
100000000000000000000000000000000
100000000000000000000000000000000
10000000000000000000000000000000
10000000000000000000000000000000
1000000000000000000000000000000
1000000000000000000000000000000
100000000000000000000000000000
100000000000000000000000000000
10000000000000000000000000000
10000000000000000000000000000
1000000000000000000000000000
1000000000000000000000000000
100000000000000000000000000
100000000000000000000000000
10000000000000000000000000
10000000000000000000000000
1000000000000000000000000
1000000000000000000000000
100000000000000000000000
100000000000000000000000
10000000000000000000000
10000000000000000000000
1000000000000000000000
1000000000000000000000
100000000000000000000
100000000000000000000
10000000000000000000
10000000000000000000
1000000000000000000
1000000000000000000
100000000000000000
100000000000000000
10000000000000000
10000000000000000
1000000000000000
1000000000000000
100000000000000
100000000000000
10000000000000
10000000000000
1000000000000
1000000000000
100000000000
100000000000
10000000000
10000000000
1000000000
1000000000
100000000
100000000
10000000
10000000
1000000
1000000
100000
100000
10000
10000
1000
1000
100
100
10
10
1
1
