# 
n 150
t 111111111111111333333333333333333333333333333333333333333333333333333333333
100000000000000000001000000000010000100000100100010000010000000001000000000
100000000000000000000000101001100000000000010010100000000000000000000010000
10000000000000000000010001000000000000000010000110001000000000000000001000
10000000000000000001000000000000000100000000100000010000010000000010010000
1000000000000000000010000000000000010000000001001010000000000001000000000
1000000000000000000000000000000000000000000000000100000000000100000000100
100000000000000000100000100000000000000001000000000000000000000100000000
100000000000101000000001000100000000000000000000000000000010000000000010
10000000000000010000000000001100010000000010000000000000000000010000000
10000000000100000000000000000000000001000000001000100000000000000000001
1000000000000000000000000100000000100000001000000000000001000000000000
1000000000000000000010000000000000000000000000000000001000000000000101
100000000010000000010000000000000000000000000000000000000000000000000
100000000000000000000000010000000100100000001100001001101000001000000
10000000000000010000001000010101000000000000000000100000001000001000
10000000000000000000010000000000000000001000100000000000000000000010
1000000000000000000000000101000000010000000011000000010000001000000
1000000001100100000000000000000001100000000000101100100000100100000
100000000000000000000000000000001000000000000010000010000010100000
100000001110101000010000000000010000000000000000000100100100000000
10000000010000000000001000000000000100000000000000000110000000000
10000000100000000110000110000000001000010000000000000000000100000
1000000000000100000000010000010001000000000000001000000000001000
1000000000000000000000001000000000000000000000000000000000000000
100000000001000001000001000000000000000000000010000000000000000
100000000000100100000000001000000000000000000000000000001000000
10100001000000000000000001110000000000000000000000000000010001
10010000001000000000000000000000000000000010100000010000000000
1000000000000000001000000000000000000000000010000000000000010
1010000000010000010000010000000010100001101000001010000000100
100000000000000000000000000000000000000000000000000000000000
100000000000000000000000000000000000000000000000000000000000
10000000000000000000000000000000000000000000000000000000000
10000000000000000000000000000000000000000000000000000000000
1000000000000000000000000000000000000000000000000000000000
1000000000000000000000000000000000000000000000000000000000
100000000000000000000000000000000000000000000000000000000
100000000000000000000000000000000000000000000000000000000
10000000000000000000000000000000000000000000000000000000
10000000000000000000000000000000000000000000000000000000
1000000000000000000000000000000000000000000000000000000
1000000000000000000000000000000000000000000000000000000
100000000000000000000000000000000000000000000000000000
100000000000000000000000000000000000000000000000000000
10000000000000000000000000000000000000000000000000000
10000000000000000000000000000000000000000000000000000
1000000000000000000000000000000000000000000000000000
1000000000000000000000000000000000000000000000000000
100000000000000000000000000000000000000000000000000
100000000000000000000000000000000000000000000000000
10000000000000000000000000000000000000000000000000
10000000000000000000000000000000000000000000000000
1000000000000000000000000000000000000000000000000
1000000000000000000000000000000000000000000000000
100000000000000000000000000000000000000000000000
100000000000000000000000000000000000000000000000
10000000000000000000000000000000000000000000000
10000000000000000000000000000000000000000000000
1000000000000000000000000000000000000000000000
1000000000000000000000000000000000000000000000
100000000000000000000000000000000000000000000
100000000000000000000000000000000000000000000
10000000000000000000000000000000000000000000
10000000000000000000000000000000000000000000
1000000000000000000000000000000000000000000
1000000000000000000000000000000000000000000
100000000000000000000000000000000000000000
100000000000000000000000000000000000000000
10000000000000000000000000000000000000000
10000000000000000000000000000000000000000
1000000000000000000000000000000000000000
1000000000000000000000000000000000000000
100000000000000000000000000000000000000
100000000000000000000000000000000000000
10000000000000000000000000000000000000
10000000000000000000000000000000000000
1000000000000000000000000000000000000
1000000000000000000000000000000000000
100000000000000000000000000000000000
100000000000000000000000000000000000
10000000000000000000000000000000000
10000000000000000000000000000000000
1000000000000000000000000000000000
1000000000000000000000000000000000
100000000000000000000000000000000
100000000000000000000000000000000
10000000000000000000000000000000
10000000000000000000000000000000
1000000000000000000000000000000
1000000000000000000000000000000
100000000000000000000000000000
100000000000000000000000000000
10000000000000000000000000000
10000000000000000000000000000
1000000000000000000000000000
1000000000000000000000000000
100000000000000000000000000
100000000000000000000000000
10000000000000000000000000
10000000000000000000000000
1000000000000000000000000
1000000000000000000000000
100000000000000000000000
100000000000000000000000
10000000000000000000000
10000000000000000000000
1000000000000000000000
1000000000000000000000
100000000000000000000
100000000000000000000
10000000000000000000
10000000000000000000
1000000000000000000
1000000000000000000
100000000000000000
100000000000000000
10000000000000000
10000000000000000
1000000000000000
1000000000000000
100000000000000
100000000000000
10000000000000
10000000000000
1000000000000
1000000000000
100000000000
100000000000
10000000000
10000000000
1000000000
1000000000
100000000
100000000
10000000
10000000
1000000
1000000
100000
100000
10000
10000
1000
1000
100
100
10
10
1
1
