# 
n 150
t 111111111111111333333333333333333333333333333333333333333333333333333333333
100000000000000000000001000010011011001001000010001000100000000000000000001
100000000000000000000000100000000000000000000000100000000000000001000000000
10000000000000000000000000001010000000000010010000000000000100100000000000
10000000000000000000000000000000100010100000000000000000001001000000001010
1000000000000010010101000000000000010010000000000001000010000000010000000
1000000000000000001000000000001000000000000000000100100000000001000000010
100000000000000000000000001000000000000000000000010000000000000010000000
100000000000000000000000000000000000000100001000000001000000000000000000
10000000000000000000000000000000000000000100000000000011000000000000000
10000000000000010101000100000010001000000000000000000000000000000000100
1000000000000000000100000000000100000001000100010000000000010100000010
1000000000000000000010000000000000100000000000000000100010000000100001
100000000000000000010000000000000010000001000100000000000000000000000
100000000000010010000001000000000000000000011010010000000000010000000
10000000000000000001000100100000000011000100000010000010000001100000
10000000001000010000100000000000001000100000000000000000000100000000
1000000000000000000000100000100110010000000000000000001000000000000
1000000000000100000000000100000000000100000000000000010000000011100
100000001100000000000000011000000000000000000000000000000000000000
100000000000000000000000000000000000000010100001010100000000000000
10000000000000001000000000000000000001000000000000000010000000000
10000110000000100000010000000000100000000000001101000100000000000
1000000000000000000100000000000000000000000100000000000001010000
1000001000010000000000000000000101010010000000000000110000000101
100100101000001110000000001000000000000000000000000000001000000
100000000000010000000000000000000000001001000000000000000000000
10100000000000000001000000000000000000000000100001000000001000
10010000000000000000000000000000000000000010000000000000000000
1000100000000010000001010001000000000001000000100001100100000
1000001000000000000000100000000000000000000000000000000010000
100000000000000000000000000000000000000000000000000000000000
100000000000000000000000000000000000000000000000000000000000
10000000000000000000000000000000000000000000000000000000000
10000000000000000000000000000000000000000000000000000000000
1000000000000000000000000000000000000000000000000000000000
1000000000000000000000000000000000000000000000000000000000
100000000000000000000000000000000000000000000000000000000
100000000000000000000000000000000000000000000000000000000
10000000000000000000000000000000000000000000000000000000
10000000000000000000000000000000000000000000000000000000
1000000000000000000000000000000000000000000000000000000
1000000000000000000000000000000000000000000000000000000
100000000000000000000000000000000000000000000000000000
100000000000000000000000000000000000000000000000000000
10000000000000000000000000000000000000000000000000000
10000000000000000000000000000000000000000000000000000
1000000000000000000000000000000000000000000000000000
1000000000000000000000000000000000000000000000000000
100000000000000000000000000000000000000000000000000
100000000000000000000000000000000000000000000000000
10000000000000000000000000000000000000000000000000
10000000000000000000000000000000000000000000000000
1000000000000000000000000000000000000000000000000
1000000000000000000000000000000000000000000000000
100000000000000000000000000000000000000000000000
100000000000000000000000000000000000000000000000
10000000000000000000000000000000000000000000000
10000000000000000000000000000000000000000000000
1000000000000000000000000000000000000000000000
1000000000000000000000000000000000000000000000
100000000000000000000000000000000000000000000
100000000000000000000000000000000000000000000
10000000000000000000000000000000000000000000
10000000000000000000000000000000000000000000
1000000000000000000000000000000000000000000
1000000000000000000000000000000000000000000
100000000000000000000000000000000000000000
100000000000000000000000000000000000000000
10000000000000000000000000000000000000000
10000000000000000000000000000000000000000
1000000000000000000000000000000000000000
1000000000000000000000000000000000000000
100000000000000000000000000000000000000
100000000000000000000000000000000000000
10000000000000000000000000000000000000
10000000000000000000000000000000000000
1000000000000000000000000000000000000
1000000000000000000000000000000000000
100000000000000000000000000000000000
100000000000000000000000000000000000
10000000000000000000000000000000000
10000000000000000000000000000000000
1000000000000000000000000000000000
1000000000000000000000000000000000
100000000000000000000000000000000
100000000000000000000000000000000
10000000000000000000000000000000
10000000000000000000000000000000
1000000000000000000000000000000
1000000000000000000000000000000
100000000000000000000000000000
100000000000000000000000000000
10000000000000000000000000000
10000000000000000000000000000
1000000000000000000000000000
1000000000000000000000000000
100000000000000000000000000
100000000000000000000000000
10000000000000000000000000
10000000000000000000000000
1000000000000000000000000
1000000000000000000000000
100000000000000000000000
100000000000000000000000
10000000000000000000000
10000000000000000000000
1000000000000000000000
1000000000000000000000
100000000000000000000
100000000000000000000
10000000000000000000
10000000000000000000
1000000000000000000
1000000000000000000
100000000000000000
100000000000000000
10000000000000000
10000000000000000
1000000000000000
1000000000000000
100000000000000
100000000000000
10000000000000
10000000000000
1000000000000
1000000000000
100000000000
100000000000
10000000000
10000000000
1000000000
1000000000
100000000
100000000
10000000
10000000
1000000
1000000
100000
100000
10000
10000
1000
1000
100
100
10
10
1
1
