# 
n 150
t 111111111111111333333333333333333333333333333333333333333333333333333333333
100000000000000000000000000100010000000000011000000000100000000000100000000
100000000000000000000000010010000000000010000000100001000000001000000000010
10000000000000000000011100010000000001100010000000000000000000000000000000
10000000000000000000000000000000000000000001100000001000000000100001000000
1000000000000100000000001001000000000000100000100000000001010000000000000
1000000000000000000000100000000000000000000000000110000000000001010000000
100000000000001000000000000000000000000000000000000000001100000000001000
100000000000100000010000000000000000000000000001000101000000000000000000
10000000000001000000000000010000010000010000000100010000000010001000000
10000000000000000000000000001000001000000000100000000000000000000000011
1000000000001000000000000000100000000001010000000100000000000000010000
1000000000000010001000000100000101010000000000000000000000000000001010
100000000000000000000001000011000000000000001000000010100000100000100
100000000010000000000000010000000000100100010000000000000000000111000
10000000000001001000001000000010000000000000010001000000010000000000
10000000100000100000000000000000000000001000000010000000100100010000
1000000000000000010000000000000000100000000000000010000010010100000
1000000010000000000000000000100001000000000100001000010000000000000
100000000000000001000000100100001000000000000000111000000000100100
100000000110000000000100000000000000001000000000000100001000000000
10000000000100000100001001000000000000000000000000001000000000000
10000000100000000000000000000000000000010000000000000000011000100
1000000110000000000000000000000000100000000000000000000000000001
1000000000000001000000010000011000000000000000100000000000000000
100000000000000000000000000100000001001000000000000000000000000
100000000110000000001000010000000000000000000000010000000000000
10000001000000010000010000000000010000000000000000001000000000
10010000000000100000000000100000000000001010100000000000000000
1000001000000000000000000000000000010000000000001000000000000
1000000000110000100101000000000010000010000000000100000000001
100000000000000000000000000000000000000000000000000000000000
100000000000000000000000000000000000000000000000000000000000
10000000000000000000000000000000000000000000000000000000000
10000000000000000000000000000000000000000000000000000000000
1000000000000000000000000000000000000000000000000000000000
1000000000000000000000000000000000000000000000000000000000
100000000000000000000000000000000000000000000000000000000
100000000000000000000000000000000000000000000000000000000
10000000000000000000000000000000000000000000000000000000
10000000000000000000000000000000000000000000000000000000
1000000000000000000000000000000000000000000000000000000
1000000000000000000000000000000000000000000000000000000
100000000000000000000000000000000000000000000000000000
100000000000000000000000000000000000000000000000000000
10000000000000000000000000000000000000000000000000000
10000000000000000000000000000000000000000000000000000
1000000000000000000000000000000000000000000000000000
1000000000000000000000000000000000000000000000000000
100000000000000000000000000000000000000000000000000
100000000000000000000000000000000000000000000000000
10000000000000000000000000000000000000000000000000
10000000000000000000000000000000000000000000000000
1000000000000000000000000000000000000000000000000
1000000000000000000000000000000000000000000000000
100000000000000000000000000000000000000000000000
100000000000000000000000000000000000000000000000
10000000000000000000000000000000000000000000000
10000000000000000000000000000000000000000000000
1000000000000000000000000000000000000000000000
1000000000000000000000000000000000000000000000
100000000000000000000000000000000000000000000
100000000000000000000000000000000000000000000
10000000000000000000000000000000000000000000
10000000000000000000000000000000000000000000
1000000000000000000000000000000000000000000
1000000000000000000000000000000000000000000
100000000000000000000000000000000000000000
100000000000000000000000000000000000000000
10000000000000000000000000000000000000000
10000000000000000000000000000000000000000
1000000000000000000000000000000000000000
1000000000000000000000000000000000000000
100000000000000000000000000000000000000
100000000000000000000000000000000000000
10000000000000000000000000000000000000
10000000000000000000000000000000000000
1000000000000000000000000000000000000
1000000000000000000000000000000000000
100000000000000000000000000000000000
100000000000000000000000000000000000
10000000000000000000000000000000000
10000000000000000000000000000000000
1000000000000000000000000000000000
1000000000000000000000000000000000
100000000000000000000000000000000
100000000000000000000000000000000
10000000000000000000000000000000
10000000000000000000000000000000
1000000000000000000000000000000
1000000000000000000000000000000
100000000000000000000000000000
100000000000000000000000000000
10000000000000000000000000000
10000000000000000000000000000
1000000000000000000000000000
1000000000000000000000000000
100000000000000000000000000
100000000000000000000000000
10000000000000000000000000
10000000000000000000000000
1000000000000000000000000
1000000000000000000000000
100000000000000000000000
100000000000000000000000
10000000000000000000000
10000000000000000000000
1000000000000000000000
1000000000000000000000
100000000000000000000
100000000000000000000
10000000000000000000
10000000000000000000
1000000000000000000
1000000000000000000
100000000000000000
100000000000000000
10000000000000000
10000000000000000
1000000000000000
1000000000000000
100000000000000
100000000000000
10000000000000
10000000000000
1000000000000
1000000000000
100000000000
100000000000
10000000000
10000000000
1000000000
1000000000
100000000
100000000
10000000
10000000
1000000
1000000
100000
100000
10000
10000
1000
1000
100
100
10
10
1
1
