# 
n 150
t 111111111111111333333333333333333333333333333333333333333333333333333333333
100000000000000010000001000000000000100000000000000001000000000001000000000
100000000000000000000100000000011000000000010000100000000000000000000000000
10000000000000000000000100000000000000000000000000000000000010000000000000
10000000000000000000000000000100001010010001000000000000100000000000000100
1000000000000010001000000000001000000000100000000000100100000010000000100
1000000000000000000000000000000000000000000000000000000000000000000000010
100000000000000000010001001000000000000000000000000001000000001000001001
100000000000000100000000000000000000000000100000100000000000000000000000
10000000000001000000000000000010100000010110000000001000000000000000000
10000000000000000100000000010000000100001001100010000000000000001000010
1000000000000000000010000000000101001000000000000000000000000000000000
1000000000000000000000100000100000000000000000000000000000000000000000
100000000000000000010000000000000000001000010000000000000000010000000
100000000000000000000010100000000000100000000000000010000000000010000
10000000000001100000100000000010000000000000000001000100010000110000
10000000101010010001000000001000001000000000000100010000000001000000
1000000000000000000000000000000000000000000001000000000000000000000
1000000001000001000011000000000000000000000010000000000100100000000
100000100000000000100000000010010000000001000010010010000000000000
100000000100000000000010000000000010001010010000001000000101000000
10000110000000000001000000000000000000010000000000000000010000001
10000000100000100000000000000000000010000000000000000100000000000
1000000000000000000000100000100000000000100010000010100000101001
1000000010000000000000000001000000000000000000000001000000010000
100000000001000010000010000001100000000000000001001000010100000
100000000000000000000000000000000000001100000000000001000000000
10000001000000000000010000000000000100001000001101000000001000
10000010000110000100001001110000011001000100000000000000000000
1000000010000000000000000000000100000000010100100010000000110
1000000000001000001100000000000000000000000000000000100000000
100000000000000000000000000000000000000000000000000000000000
100000000000000000000000000000000000000000000000000000000000
10000000000000000000000000000000000000000000000000000000000
10000000000000000000000000000000000000000000000000000000000
1000000000000000000000000000000000000000000000000000000000
1000000000000000000000000000000000000000000000000000000000
100000000000000000000000000000000000000000000000000000000
100000000000000000000000000000000000000000000000000000000
10000000000000000000000000000000000000000000000000000000
10000000000000000000000000000000000000000000000000000000
1000000000000000000000000000000000000000000000000000000
1000000000000000000000000000000000000000000000000000000
100000000000000000000000000000000000000000000000000000
100000000000000000000000000000000000000000000000000000
10000000000000000000000000000000000000000000000000000
10000000000000000000000000000000000000000000000000000
1000000000000000000000000000000000000000000000000000
1000000000000000000000000000000000000000000000000000
100000000000000000000000000000000000000000000000000
100000000000000000000000000000000000000000000000000
10000000000000000000000000000000000000000000000000
10000000000000000000000000000000000000000000000000
1000000000000000000000000000000000000000000000000
1000000000000000000000000000000000000000000000000
100000000000000000000000000000000000000000000000
100000000000000000000000000000000000000000000000
10000000000000000000000000000000000000000000000
10000000000000000000000000000000000000000000000
1000000000000000000000000000000000000000000000
1000000000000000000000000000000000000000000000
100000000000000000000000000000000000000000000
100000000000000000000000000000000000000000000
10000000000000000000000000000000000000000000
10000000000000000000000000000000000000000000
1000000000000000000000000000000000000000000
1000000000000000000000000000000000000000000
100000000000000000000000000000000000000000
100000000000000000000000000000000000000000
10000000000000000000000000000000000000000
10000000000000000000000000000000000000000
1000000000000000000000000000000000000000
1000000000000000000000000000000000000000
100000000000000000000000000000000000000
100000000000000000000000000000000000000
10000000000000000000000000000000000000
10000000000000000000000000000000000000
1000000000000000000000000000000000000
1000000000000000000000000000000000000
100000000000000000000000000000000000
100000000000000000000000000000000000
10000000000000000000000000000000000
10000000000000000000000000000000000
1000000000000000000000000000000000
1000000000000000000000000000000000
100000000000000000000000000000000
100000000000000000000000000000000
10000000000000000000000000000000
10000000000000000000000000000000
1000000000000000000000000000000
1000000000000000000000000000000
100000000000000000000000000000
100000000000000000000000000000
10000000000000000000000000000
10000000000000000000000000000
1000000000000000000000000000
1000000000000000000000000000
100000000000000000000000000
100000000000000000000000000
10000000000000000000000000
10000000000000000000000000
1000000000000000000000000
1000000000000000000000000
100000000000000000000000
100000000000000000000000
10000000000000000000000
10000000000000000000000
1000000000000000000000
1000000000000000000000
100000000000000000000
100000000000000000000
10000000000000000000
10000000000000000000
1000000000000000000
1000000000000000000
100000000000000000
100000000000000000
10000000000000000
10000000000000000
1000000000000000
1000000000000000
100000000000000
100000000000000
10000000000000
10000000000000
1000000000000
1000000000000
100000000000
100000000000
10000000000
10000000000
1000000000
1000000000
100000000
100000000
10000000
10000000
1000000
1000000
100000
100000
10000
10000
1000
1000
100
100
10
10
1
1
