# 
n 150
t 111111111111111333333333333333333333333333333333333333333333333333333333333
100000000000000110011000000000001000001000010000000000000000000000001001000
100000000000000000000000001100000000010011000000000000011000000000000000100
10000000000000000000000010000000000000000000000000100100000100000000010000
10000000000000000000000000000000000100000001000000000010001001000000000001
1000000000000000000000000000010000000000100001000000100000000000000010000
1000000000000000000101010001000100000010001100000000000000000000000100000
100000000000100000010000000011000000100000100001010000000000010000000000
100000000000000000000000000100000000000000000000100000000000000000000000
10000000000000000000100100000000001001000000000000000100011000000000000
10000000000100000000000000000000010000100010000000000000000000100010000
1000000000000000000000010010000001000000000000000100000000000000000000
1000000000000000000001001001000000000000000000000000100000000000000000
100000000000010101000000000000000000000000000010000000000000000000001
100000000000000000000000000000000010000001000000000000000000000100000
10000000000110001000000000010000000000000110000000001000000000100000
10000000000001000000000000001000000000001000010000010000000000000010
1000000001000000000000000000000100000010010000000000000001000000000
1000000010000000000000100000010000000000000000000010000100000001100
100000000000000000000000000000000000000000000000000000001000000000
100000000100000000100100001000000010000100000000000100000000000000
10000000000000000000000000000000000000000000000000011100010000100
10000000000000001001000000000000000000001000010000000001000000000
1000000001000100010000010000100000000010001001000000000010000000
1000001000000000000000000000000000000000000000010000010001000000
100010000000000000000000000000000010000000001000010000000000000
100000100000110000000000000000010000000000000000000000100000000
10000000010000010000000100001001000000001000000000000000000000
10000000000000000000100000000000100000100000101000100110001010
1000000000000000000001100000000000100001000000100000000000001
1001000110000000000110000000100000001000000000000010001000010
100000000000000000000000000000000000000000000000000000000000
100000000000000000000000000000000000000000000000000000000000
10000000000000000000000000000000000000000000000000000000000
10000000000000000000000000000000000000000000000000000000000
1000000000000000000000000000000000000000000000000000000000
1000000000000000000000000000000000000000000000000000000000
100000000000000000000000000000000000000000000000000000000
100000000000000000000000000000000000000000000000000000000
10000000000000000000000000000000000000000000000000000000
10000000000000000000000000000000000000000000000000000000
1000000000000000000000000000000000000000000000000000000
1000000000000000000000000000000000000000000000000000000
100000000000000000000000000000000000000000000000000000
100000000000000000000000000000000000000000000000000000
10000000000000000000000000000000000000000000000000000
10000000000000000000000000000000000000000000000000000
1000000000000000000000000000000000000000000000000000
1000000000000000000000000000000000000000000000000000
100000000000000000000000000000000000000000000000000
100000000000000000000000000000000000000000000000000
10000000000000000000000000000000000000000000000000
10000000000000000000000000000000000000000000000000
1000000000000000000000000000000000000000000000000
1000000000000000000000000000000000000000000000000
100000000000000000000000000000000000000000000000
100000000000000000000000000000000000000000000000
10000000000000000000000000000000000000000000000
10000000000000000000000000000000000000000000000
1000000000000000000000000000000000000000000000
1000000000000000000000000000000000000000000000
100000000000000000000000000000000000000000000
100000000000000000000000000000000000000000000
10000000000000000000000000000000000000000000
10000000000000000000000000000000000000000000
1000000000000000000000000000000000000000000
1000000000000000000000000000000000000000000
100000000000000000000000000000000000000000
100000000000000000000000000000000000000000
10000000000000000000000000000000000000000
10000000000000000000000000000000000000000
1000000000000000000000000000000000000000
1000000000000000000000000000000000000000
100000000000000000000000000000000000000
100000000000000000000000000000000000000
10000000000000000000000000000000000000
10000000000000000000000000000000000000
1000000000000000000000000000000000000
1000000000000000000000000000000000000
100000000000000000000000000000000000
100000000000000000000000000000000000
10000000000000000000000000000000000
10000000000000000000000000000000000
1000000000000000000000000000000000
1000000000000000000000000000000000
100000000000000000000000000000000
100000000000000000000000000000000
10000000000000000000000000000000
10000000000000000000000000000000
1000000000000000000000000000000
1000000000000000000000000000000
100000000000000000000000000000
100000000000000000000000000000
10000000000000000000000000000
10000000000000000000000000000
1000000000000000000000000000
1000000000000000000000000000
100000000000000000000000000
100000000000000000000000000
10000000000000000000000000
10000000000000000000000000
1000000000000000000000000
1000000000000000000000000
100000000000000000000000
100000000000000000000000
10000000000000000000000
10000000000000000000000
1000000000000000000000
1000000000000000000000
100000000000000000000
100000000000000000000
10000000000000000000
10000000000000000000
1000000000000000000
1000000000000000000
100000000000000000
100000000000000000
10000000000000000
10000000000000000
1000000000000000
1000000000000000
100000000000000
100000000000000
10000000000000
10000000000000
1000000000000
1000000000000
100000000000
100000000000
10000000000
10000000000
1000000000
1000000000
100000000
100000000
10000000
10000000
1000000
1000000
100000
100000
10000
10000
1000
1000
100
100
10
10
1
1
