# 
n 150
t 111111111111111333333333333333333333333333333333333333333333333333333333333
100000000000000000000000000011000001000000010001000000000000000000000101000
100000000000000000100000000000010000000000000000000000010000000000000000000
10000000000000000000000000100000000000000000000001000000100000000000000000
10000000000000000000000000000000100001000000000000000100000100010000000001
1000000000000100010000000000000000000010000010000010000000000000010000001
1000000000000010000000000000000000000000000000000000000000000000000000100
100000000000000000000000000000000010000000010000100001000010000000010000
100000000000000001000000100000000000000000000000000000000000000000000000
10000000000000100001100010000000100100000000000101000000000001000001010
10000000000001000000000000100000000000001000100000001000000000000000000
1000000000001000000001000000000100000000100000000000001100000000000000
1000000000010010001000001001100000000000000000001000010001000000000100
100000000000000010000000000000001000000000000000000000000100000010000
100000000100100000000000000000000000100010000000000000000000000100000
10000000000000000010000000000000100000000000000000001000000000000100
10000000000000000100000000001000000000100010000000000000000100011000
1000000000000010100000010100010010000000000000000000000010000000010
1000000000000000010000000010000000100000000000000000010101000000001
100000000000100000100000000001000010000000000000100000010101000000
100000000001000000000001000000000100000000010000001000000000000000
10000000000000000001000001000000000000000010100010000100000000000
10000010000000000000110000000000000001000001000000001000000100000
1000000000000000000000010000001000000010000100000011000000000000
1000000011101000000100000000000000000001000000010100000000000000
100001000100000000000000100000011000000000011000000000000000000
100000000000010000000000010011000100000000000000000000000000000
10100000000000010001000000000001001100000010000000000001000000
10000000000001000000000000000000000010000000100000000010000000
1000000010001000000000000101000000000000000000000000011000010
1000000000000000000010000000000000101100000000000001100000000
100000000000000000000000000000000000000000000000000000000000
100000000000000000000000000000000000000000000000000000000000
10000000000000000000000000000000000000000000000000000000000
10000000000000000000000000000000000000000000000000000000000
1000000000000000000000000000000000000000000000000000000000
1000000000000000000000000000000000000000000000000000000000
100000000000000000000000000000000000000000000000000000000
100000000000000000000000000000000000000000000000000000000
10000000000000000000000000000000000000000000000000000000
10000000000000000000000000000000000000000000000000000000
1000000000000000000000000000000000000000000000000000000
1000000000000000000000000000000000000000000000000000000
100000000000000000000000000000000000000000000000000000
100000000000000000000000000000000000000000000000000000
10000000000000000000000000000000000000000000000000000
10000000000000000000000000000000000000000000000000000
1000000000000000000000000000000000000000000000000000
1000000000000000000000000000000000000000000000000000
100000000000000000000000000000000000000000000000000
100000000000000000000000000000000000000000000000000
10000000000000000000000000000000000000000000000000
10000000000000000000000000000000000000000000000000
1000000000000000000000000000000000000000000000000
1000000000000000000000000000000000000000000000000
100000000000000000000000000000000000000000000000
100000000000000000000000000000000000000000000000
10000000000000000000000000000000000000000000000
10000000000000000000000000000000000000000000000
1000000000000000000000000000000000000000000000
1000000000000000000000000000000000000000000000
100000000000000000000000000000000000000000000
100000000000000000000000000000000000000000000
10000000000000000000000000000000000000000000
10000000000000000000000000000000000000000000
1000000000000000000000000000000000000000000
1000000000000000000000000000000000000000000
100000000000000000000000000000000000000000
100000000000000000000000000000000000000000
10000000000000000000000000000000000000000
10000000000000000000000000000000000000000
1000000000000000000000000000000000000000
1000000000000000000000000000000000000000
100000000000000000000000000000000000000
100000000000000000000000000000000000000
10000000000000000000000000000000000000
10000000000000000000000000000000000000
1000000000000000000000000000000000000
1000000000000000000000000000000000000
100000000000000000000000000000000000
100000000000000000000000000000000000
10000000000000000000000000000000000
10000000000000000000000000000000000
1000000000000000000000000000000000
1000000000000000000000000000000000
100000000000000000000000000000000
100000000000000000000000000000000
10000000000000000000000000000000
10000000000000000000000000000000
1000000000000000000000000000000
1000000000000000000000000000000
100000000000000000000000000000
100000000000000000000000000000
10000000000000000000000000000
10000000000000000000000000000
1000000000000000000000000000
1000000000000000000000000000
100000000000000000000000000
100000000000000000000000000
10000000000000000000000000
10000000000000000000000000
1000000000000000000000000
1000000000000000000000000
100000000000000000000000
100000000000000000000000
10000000000000000000000
10000000000000000000000
1000000000000000000000
1000000000000000000000
100000000000000000000
100000000000000000000
10000000000000000000
10000000000000000000
1000000000000000000
1000000000000000000
100000000000000000
100000000000000000
10000000000000000
10000000000000000
1000000000000000
1000000000000000
100000000000000
100000000000000
10000000000000
10000000000000
1000000000000
1000000000000
100000000000
100000000000
10000000000
10000000000
1000000000
1000000000
100000000
100000000
10000000
10000000
1000000
1000000
100000
100000
10000
10000
1000
1000
100
100
10
10
1
1
