# 
n 150
t 111111111111111333333333333333333333333333333333333333333333333333333333333
100000000000000010001000100010000000000000000010000000000001000000010001000
100000000000000000000000000000000000000001000000000100000000000001000010000
10000000000000000000000000000000000000011100000001000100000000000000000000
10000000000000100010000000001001000000000000000100000001000100000000000000
1000000000000000000100000100100000000000001000101000000000000000100010000
1000000000000000000000000000000000000100000101000000000100001000000000100
100000000000000000010000000000000001000000000000000000000000000100000001
100000000000000010000110000000100010000001100100010000000000100000000000
10000000000000000000000000000010000000000001001000000000000101001000000
10000000000001100000000000000000010000000000000000100000000000000000000
1000000000000000110000000000000000000000000000000000000000000000000000
1000000000000000000000010000000000011000000000000010000000000001100010
100000000100001011000000010000100100100010000101000000000000100000000
100000000000100000010000000000010000001000000000000010000010000000010
10000000000000000000000000000000000000000000010000100000000000000000
10000000000000001000001000100000000000100000100001001000000000000000
1000000000000000100000000001000000000010000000010000100000000000000
1000000010000000000100000100000000000000010010000000000000000001010
100000000000000001000000000000000010000010000000000000000001000000
100000010010000000000010000000000000000000000000000001010010000000
10000000000000000000100001001000010000010001000000000000000000001
10000100000000000100001000000000000000000000001000010000000000100
1000000000000000010000010000100000000000000000000001000000000000
1000001000000000000010000100000000000000000000100010100000000000
100000001000000000000000100000000000000000000011000000000100000
100000000001000000000011000000000000000000000000000001000000000
10000100000011001000000000000000001000000010000000010010101001
10000000100000000101000000010000000000000000000110000000000000
1000000000001000000000000000110000000001100000000000000000000
1001000000000000000000001000000000000000000010000000000010100
100000000000000000000000000000000000000000000000000000000000
100000000000000000000000000000000000000000000000000000000000
10000000000000000000000000000000000000000000000000000000000
10000000000000000000000000000000000000000000000000000000000
1000000000000000000000000000000000000000000000000000000000
1000000000000000000000000000000000000000000000000000000000
100000000000000000000000000000000000000000000000000000000
100000000000000000000000000000000000000000000000000000000
10000000000000000000000000000000000000000000000000000000
10000000000000000000000000000000000000000000000000000000
1000000000000000000000000000000000000000000000000000000
1000000000000000000000000000000000000000000000000000000
100000000000000000000000000000000000000000000000000000
100000000000000000000000000000000000000000000000000000
10000000000000000000000000000000000000000000000000000
10000000000000000000000000000000000000000000000000000
1000000000000000000000000000000000000000000000000000
1000000000000000000000000000000000000000000000000000
100000000000000000000000000000000000000000000000000
100000000000000000000000000000000000000000000000000
10000000000000000000000000000000000000000000000000
10000000000000000000000000000000000000000000000000
1000000000000000000000000000000000000000000000000
1000000000000000000000000000000000000000000000000
100000000000000000000000000000000000000000000000
100000000000000000000000000000000000000000000000
10000000000000000000000000000000000000000000000
10000000000000000000000000000000000000000000000
1000000000000000000000000000000000000000000000
1000000000000000000000000000000000000000000000
100000000000000000000000000000000000000000000
100000000000000000000000000000000000000000000
10000000000000000000000000000000000000000000
10000000000000000000000000000000000000000000
1000000000000000000000000000000000000000000
1000000000000000000000000000000000000000000
100000000000000000000000000000000000000000
100000000000000000000000000000000000000000
10000000000000000000000000000000000000000
10000000000000000000000000000000000000000
1000000000000000000000000000000000000000
1000000000000000000000000000000000000000
100000000000000000000000000000000000000
100000000000000000000000000000000000000
10000000000000000000000000000000000000
10000000000000000000000000000000000000
1000000000000000000000000000000000000
1000000000000000000000000000000000000
100000000000000000000000000000000000
100000000000000000000000000000000000
10000000000000000000000000000000000
10000000000000000000000000000000000
1000000000000000000000000000000000
1000000000000000000000000000000000
100000000000000000000000000000000
100000000000000000000000000000000
10000000000000000000000000000000
10000000000000000000000000000000
1000000000000000000000000000000
1000000000000000000000000000000
100000000000000000000000000000
100000000000000000000000000000
10000000000000000000000000000
10000000000000000000000000000
1000000000000000000000000000
1000000000000000000000000000
100000000000000000000000000
100000000000000000000000000
10000000000000000000000000
10000000000000000000000000
1000000000000000000000000
1000000000000000000000000
100000000000000000000000
100000000000000000000000
10000000000000000000000
10000000000000000000000
1000000000000000000000
1000000000000000000000
100000000000000000000
100000000000000000000
10000000000000000000
10000000000000000000
1000000000000000000
1000000000000000000
100000000000000000
100000000000000000
10000000000000000
10000000000000000
1000000000000000
1000000000000000
100000000000000
100000000000000
10000000000000
10000000000000
1000000000000
1000000000000
100000000000
100000000000
10000000000
10000000000
1000000000
1000000000
100000000
100000000
10000000
10000000
1000000
1000000
100000
100000
10000
10000
1000
1000
100
100
10
10
1
1
