# 
n 150
t 111111111111111333333333333333333333333333333333333333333333333333333333333
100000000000000000000000010000001010000100000000000000000000000001000000000
100000000000000110001000000000000100000001000001000000000000000000000000000
10000000000000000000000000000000100000000000000000000000010000100000010000
10000000000000000000000000110010000000010101100000000010001001010000000000
1000000000000010010000000000100001000101000000000100000100000000000000000
1000000000000000000000100101000000010010000000000000000000000000000000010
100000000000000000000001000000000000000000100000000001000011000100000001
100000000000000100001000010000001000000000000000001100000000000000000000
10000000000000100000000000000000001000100100000000000000010000010000000
10000000000001000000000000010000000000010001000000011000000001000100000
1000000000000100000100000000000000000100000000000000010000000100000000
1000000000000000100000000000000000000000000000000000001100000000000001
100000000000010001010000000110000000000000000010000000000100000000000
100000000001000000001000101000010000000000000000000000000000000000000
10000000000010000000000000000000000000000000010100100000000000100000
10000000000000100000000000000000000000000000000000000110000000001100
1000000000000000000000000000110000000000100001000000000000000000000
1000000000001010010101010000000000001010001000001000000100000000100
100000000000000000000000000000000000000010000000000000000000001000
100000000000000000000101000001110000010000100000011000010011000000
10000000000000001000000000001000001000010100000000100000100000010
10000000000010000000000000000001000000100000000000000000001000000
1000000000001000010000000000000000000000000000000000000000000010
1000010000000000000000000000000000010000000000000000001000010000
100000001010000000000001000000000000000000000100000000000010000
100100000000000000000000000000000000001000000000001000000001100
10100000000100000000000100000000000100000100000000000000100000
10000000000000000000000000000010001000011000000000010000000000
1000000000000001000010100000010000000000010000000000000000000
1001000100000000000000000000000000011000000000000000011000001
100000000000000000000000000000000000000000000000000000000000
100000000000000000000000000000000000000000000000000000000000
10000000000000000000000000000000000000000000000000000000000
10000000000000000000000000000000000000000000000000000000000
1000000000000000000000000000000000000000000000000000000000
1000000000000000000000000000000000000000000000000000000000
100000000000000000000000000000000000000000000000000000000
100000000000000000000000000000000000000000000000000000000
10000000000000000000000000000000000000000000000000000000
10000000000000000000000000000000000000000000000000000000
1000000000000000000000000000000000000000000000000000000
1000000000000000000000000000000000000000000000000000000
100000000000000000000000000000000000000000000000000000
100000000000000000000000000000000000000000000000000000
10000000000000000000000000000000000000000000000000000
10000000000000000000000000000000000000000000000000000
1000000000000000000000000000000000000000000000000000
1000000000000000000000000000000000000000000000000000
100000000000000000000000000000000000000000000000000
100000000000000000000000000000000000000000000000000
10000000000000000000000000000000000000000000000000
10000000000000000000000000000000000000000000000000
1000000000000000000000000000000000000000000000000
1000000000000000000000000000000000000000000000000
100000000000000000000000000000000000000000000000
100000000000000000000000000000000000000000000000
10000000000000000000000000000000000000000000000
10000000000000000000000000000000000000000000000
1000000000000000000000000000000000000000000000
1000000000000000000000000000000000000000000000
100000000000000000000000000000000000000000000
100000000000000000000000000000000000000000000
10000000000000000000000000000000000000000000
10000000000000000000000000000000000000000000
1000000000000000000000000000000000000000000
1000000000000000000000000000000000000000000
100000000000000000000000000000000000000000
100000000000000000000000000000000000000000
10000000000000000000000000000000000000000
10000000000000000000000000000000000000000
1000000000000000000000000000000000000000
1000000000000000000000000000000000000000
100000000000000000000000000000000000000
100000000000000000000000000000000000000
10000000000000000000000000000000000000
10000000000000000000000000000000000000
1000000000000000000000000000000000000
1000000000000000000000000000000000000
100000000000000000000000000000000000
100000000000000000000000000000000000
10000000000000000000000000000000000
10000000000000000000000000000000000
1000000000000000000000000000000000
1000000000000000000000000000000000
100000000000000000000000000000000
100000000000000000000000000000000
10000000000000000000000000000000
10000000000000000000000000000000
1000000000000000000000000000000
1000000000000000000000000000000
100000000000000000000000000000
100000000000000000000000000000
10000000000000000000000000000
10000000000000000000000000000
1000000000000000000000000000
1000000000000000000000000000
100000000000000000000000000
100000000000000000000000000
10000000000000000000000000
10000000000000000000000000
1000000000000000000000000
1000000000000000000000000
100000000000000000000000
100000000000000000000000
10000000000000000000000
10000000000000000000000
1000000000000000000000
1000000000000000000000
100000000000000000000
100000000000000000000
10000000000000000000
10000000000000000000
1000000000000000000
1000000000000000000
100000000000000000
100000000000000000
10000000000000000
10000000000000000
1000000000000000
1000000000000000
100000000000000
100000000000000
10000000000000
10000000000000
1000000000000
1000000000000
100000000000
100000000000
10000000000
10000000000
1000000000
1000000000
100000000
100000000
10000000
10000000
1000000
1000000
100000
100000
10000
10000
1000
1000
100
100
10
10
1
1
