# 
n 150
t 111111111111111333333333333333333333333333333333333333333333333333333333333
100000000000000000101000000000010000000000000000010000000001000000000001000
100000000000000000000000000000001000000010000000000000000000000000001000000
10000000000000010000000000000010000000100001000001000000000000000001001000
10000000000000000000000000100100001000000000000000000000000000000000100000
1000000000000000010000000001000100000000110000001000100000000001000000010
1000000000000000000000010000100000000010000000000000000100000000000000000
100000000000000010010010000000100000000000010000000100010000100000000100
100000000000000100000100000000000000001000000000000010000000000000010001
10000000000000000010000001000000000000000000000010000000001000000000000
10000000000000001000000000000010010000000000000000001000000000000000000
1000000000011000000000000000000000000000001000000000000001000000000000
1000000000000000100000010000000000000100000000000000000100000000000001
100000000000101000001000000001000000000000000000000000010000000010000
100000000000000000000000001000101000001000000000000000000001000000010
10000000010000000000001000010100000000010101000010010000000000000001
10000000000000000000000000000010000000000000000000000000000001000000
1000000000000000000000000000000001100000000000000100110010010000000
1000000000000000101000011100000000000100000100000000000000000000100
100000000000000000100000000000100010000110001000000001010000010000
100000101000101000000000000100000001000000010010000000000000000000
10000001000000000010000010001000000000000000000000000000000000000
10000100000000000000000000000000010010000100001000100000110000000
1000000000001100010000000000001000001000000000000000000100001000
1000100000000000000000000000000000100000001000010000100000100000
100000000000000000000000000000000000000010000000000010100000000
100000010100000000000001000000000000000000100001000000000000000
10000000001000000100000010000000100010000000100000001000000000
10000000000000000000000001000000000000101000000010100010000000
1000000000010100000000000000000001100000001000000000000100010
1000000010001000000000000110000000000000000001000000000000100
100000000000000000000000000000000000000000000000000000000000
100000000000000000000000000000000000000000000000000000000000
10000000000000000000000000000000000000000000000000000000000
10000000000000000000000000000000000000000000000000000000000
1000000000000000000000000000000000000000000000000000000000
1000000000000000000000000000000000000000000000000000000000
100000000000000000000000000000000000000000000000000000000
100000000000000000000000000000000000000000000000000000000
10000000000000000000000000000000000000000000000000000000
10000000000000000000000000000000000000000000000000000000
1000000000000000000000000000000000000000000000000000000
1000000000000000000000000000000000000000000000000000000
100000000000000000000000000000000000000000000000000000
100000000000000000000000000000000000000000000000000000
10000000000000000000000000000000000000000000000000000
10000000000000000000000000000000000000000000000000000
1000000000000000000000000000000000000000000000000000
1000000000000000000000000000000000000000000000000000
100000000000000000000000000000000000000000000000000
100000000000000000000000000000000000000000000000000
10000000000000000000000000000000000000000000000000
10000000000000000000000000000000000000000000000000
1000000000000000000000000000000000000000000000000
1000000000000000000000000000000000000000000000000
100000000000000000000000000000000000000000000000
100000000000000000000000000000000000000000000000
10000000000000000000000000000000000000000000000
10000000000000000000000000000000000000000000000
1000000000000000000000000000000000000000000000
1000000000000000000000000000000000000000000000
100000000000000000000000000000000000000000000
100000000000000000000000000000000000000000000
10000000000000000000000000000000000000000000
10000000000000000000000000000000000000000000
1000000000000000000000000000000000000000000
1000000000000000000000000000000000000000000
100000000000000000000000000000000000000000
100000000000000000000000000000000000000000
10000000000000000000000000000000000000000
10000000000000000000000000000000000000000
1000000000000000000000000000000000000000
1000000000000000000000000000000000000000
100000000000000000000000000000000000000
100000000000000000000000000000000000000
10000000000000000000000000000000000000
10000000000000000000000000000000000000
1000000000000000000000000000000000000
1000000000000000000000000000000000000
100000000000000000000000000000000000
100000000000000000000000000000000000
10000000000000000000000000000000000
10000000000000000000000000000000000
1000000000000000000000000000000000
1000000000000000000000000000000000
100000000000000000000000000000000
100000000000000000000000000000000
10000000000000000000000000000000
10000000000000000000000000000000
1000000000000000000000000000000
1000000000000000000000000000000
100000000000000000000000000000
100000000000000000000000000000
10000000000000000000000000000
10000000000000000000000000000
1000000000000000000000000000
1000000000000000000000000000
100000000000000000000000000
100000000000000000000000000
10000000000000000000000000
10000000000000000000000000
1000000000000000000000000
1000000000000000000000000
100000000000000000000000
100000000000000000000000
10000000000000000000000
10000000000000000000000
1000000000000000000000
1000000000000000000000
100000000000000000000
100000000000000000000
10000000000000000000
10000000000000000000
1000000000000000000
1000000000000000000
100000000000000000
100000000000000000
10000000000000000
10000000000000000
1000000000000000
1000000000000000
100000000000000
100000000000000
10000000000000
10000000000000
1000000000000
1000000000000
100000000000
100000000000
10000000000
10000000000
1000000000
1000000000
100000000
100000000
10000000
10000000
1000000
1000000
100000
100000
10000
10000
1000
1000
100
100
10
10
1
1
