# 
n 150
t 111111111111111333333333333333333333333333333333333333333333333333333333333
100000000000000000000000000000000000000000100000000010000000000000000000010
100000000000000000000000100000001110000000010000000000100000000100000000000
10000000000000000000000000000000000000000000000000100010000010000100001000
10000000000000000000000001001000000000000010100000000000000000000000000000
1000000000000000000000000000000100100000000000100010000001000000000110100
1000000000000000101010000000000010000000000000000000100000000000001000000
100000000000000000000000100000000000000000000000000000010000000000000010
100000000000000101000000000000000000010000000000100010000000100000000100
10000000000000000100000000100000001110000000100000000000000000000000000
10000000000000000000001100000000000000001000000000000000000000001000000
1000000000000000000001010000001010000001110000001000000000000000000000
1000000000011000001100001010000000000000001001000000000001010000000001
100000000000000000010000000000010001000111000000000000001000010100000
100000000001000100000000000000000000000000110000000000010010000000100
10000000000001110000010000000000000000000000000000000000000100000000
10000000010010000000000010101000000000000000001000000010001011000000
1000000001010000000000000000000000000000000000101000000000000000000
1000000000000010000000100000010000000000000000000000100000000000000
100000000000000000001000000100000000000000000000000000000010100010
100000100000000000000000000001000000001001000000000101000000000000
10000000010001000000000010000000000000000010000000100001000000000
10000100000000100000000000100001000000001000000100000000000001000
1000000000000000000000001001101000000000001000101000010000000001
1000110000000000000100000000000000000000000000000000100000010000
100000000000000000001000000000000000000000000000000000000000000
100000000000010000000000000010100010000000000001000000000010000
10000100000000000000000000100000000000000000000000000000001001
10000000000010010001000000000110000010000001110000001000000000
1000000000000100010000000000000000010000001010000000000000000
1000000001000000000000000000001000000100010000000000100000000
100000000000000000000000000000000000000000000000000000000000
100000000000000000000000000000000000000000000000000000000000
10000000000000000000000000000000000000000000000000000000000
10000000000000000000000000000000000000000000000000000000000
1000000000000000000000000000000000000000000000000000000000
1000000000000000000000000000000000000000000000000000000000
100000000000000000000000000000000000000000000000000000000
100000000000000000000000000000000000000000000000000000000
10000000000000000000000000000000000000000000000000000000
10000000000000000000000000000000000000000000000000000000
1000000000000000000000000000000000000000000000000000000
1000000000000000000000000000000000000000000000000000000
100000000000000000000000000000000000000000000000000000
100000000000000000000000000000000000000000000000000000
10000000000000000000000000000000000000000000000000000
10000000000000000000000000000000000000000000000000000
1000000000000000000000000000000000000000000000000000
1000000000000000000000000000000000000000000000000000
100000000000000000000000000000000000000000000000000
100000000000000000000000000000000000000000000000000
10000000000000000000000000000000000000000000000000
10000000000000000000000000000000000000000000000000
1000000000000000000000000000000000000000000000000
1000000000000000000000000000000000000000000000000
100000000000000000000000000000000000000000000000
100000000000000000000000000000000000000000000000
10000000000000000000000000000000000000000000000
10000000000000000000000000000000000000000000000
1000000000000000000000000000000000000000000000
1000000000000000000000000000000000000000000000
100000000000000000000000000000000000000000000
100000000000000000000000000000000000000000000
10000000000000000000000000000000000000000000
10000000000000000000000000000000000000000000
1000000000000000000000000000000000000000000
1000000000000000000000000000000000000000000
100000000000000000000000000000000000000000
100000000000000000000000000000000000000000
10000000000000000000000000000000000000000
10000000000000000000000000000000000000000
1000000000000000000000000000000000000000
1000000000000000000000000000000000000000
100000000000000000000000000000000000000
100000000000000000000000000000000000000
10000000000000000000000000000000000000
10000000000000000000000000000000000000
1000000000000000000000000000000000000
1000000000000000000000000000000000000
100000000000000000000000000000000000
100000000000000000000000000000000000
10000000000000000000000000000000000
10000000000000000000000000000000000
1000000000000000000000000000000000
1000000000000000000000000000000000
100000000000000000000000000000000
100000000000000000000000000000000
10000000000000000000000000000000
10000000000000000000000000000000
1000000000000000000000000000000
1000000000000000000000000000000
100000000000000000000000000000
100000000000000000000000000000
10000000000000000000000000000
10000000000000000000000000000
1000000000000000000000000000
1000000000000000000000000000
100000000000000000000000000
100000000000000000000000000
10000000000000000000000000
10000000000000000000000000
1000000000000000000000000
1000000000000000000000000
100000000000000000000000
100000000000000000000000
10000000000000000000000
10000000000000000000000
1000000000000000000000
1000000000000000000000
100000000000000000000
100000000000000000000
10000000000000000000
10000000000000000000
1000000000000000000
1000000000000000000
100000000000000000
100000000000000000
10000000000000000
10000000000000000
1000000000000000
1000000000000000
100000000000000
100000000000000
10000000000000
10000000000000
1000000000000
1000000000000
100000000000
100000000000
10000000000
10000000000
1000000000
1000000000
100000000
100000000
10000000
10000000
1000000
1000000
100000
100000
10000
10000
1000
1000
100
100
10
10
1
1
