# 
n 150
t 111111111111111333333333333333333333333333333333333333333333333333333333333
100000000000000000000010000000000000000000001000010000000000000000000000000
100000000000000011011000000000001100000000000000000100000000000010000101000
10000000000000000000000000000000001100000000000000000000000000000000100000
10000000000000000000001000000000000000000000100000001000100000000000000100
1000000000000000110000000000000010100000000001000000000000010000000000101
1000000000000000000000010000010000000000000010000000001000100000000000000
100000000000000000000000000000000000001000000000000000001000000000000010
100000000000000000000000000000001000000100100000000000010001100000000000
10000000000000000001000000000000000000100100000000000000000000000000000
10000000000100000000000000100000000000010000010000000000000000000000000
1000000000010000000000000000000101000100001000010000000000000000000110
1000000000000000000000001000000000000000010000000000000000100110000000
100000000000010000010100001110000000000000010010000001000000010000000
100000000000000000000000100000000010010000100001000000000000000000000
10000000000100001001010000000000100000001000100000000000000000000000
10000000001000000000000000000010000000000001001110001000001000101000
1000000001000010000100000000010000000000000000001100001000000010000
1000000000001000000000000000000100000000100000000000000000000000000
100000100000000000000000000000001000000000100000000000001110000000
100000000100000000000000000010000001000000000000100111000000000010
10000000000100000001000001000001000000101010100000100000001000000
10000000000000000000000000001010000000000000000000000000000011000
1000000000000001000000000000010000000000000010010000000100000000
1000000000100100001100000000000000010001000000000000000000000000
100000000010000000000000000000000000000000000000010000001000001
100000000100000000000000000000001000000000000000000100000010000
10000000000100110000000000000000000000000000000000000000000000
10100000000010000010100000000010000000000110000000011001000000
1010001000000010001010000100000000000000001010000010000000001
1000000000101000010000001000000000000000000000000000000000000
100000000000000000000000000000000000000000000000000000000000
100000000000000000000000000000000000000000000000000000000000
10000000000000000000000000000000000000000000000000000000000
10000000000000000000000000000000000000000000000000000000000
1000000000000000000000000000000000000000000000000000000000
1000000000000000000000000000000000000000000000000000000000
100000000000000000000000000000000000000000000000000000000
100000000000000000000000000000000000000000000000000000000
10000000000000000000000000000000000000000000000000000000
10000000000000000000000000000000000000000000000000000000
1000000000000000000000000000000000000000000000000000000
1000000000000000000000000000000000000000000000000000000
100000000000000000000000000000000000000000000000000000
100000000000000000000000000000000000000000000000000000
10000000000000000000000000000000000000000000000000000
10000000000000000000000000000000000000000000000000000
1000000000000000000000000000000000000000000000000000
1000000000000000000000000000000000000000000000000000
100000000000000000000000000000000000000000000000000
100000000000000000000000000000000000000000000000000
10000000000000000000000000000000000000000000000000
10000000000000000000000000000000000000000000000000
1000000000000000000000000000000000000000000000000
1000000000000000000000000000000000000000000000000
100000000000000000000000000000000000000000000000
100000000000000000000000000000000000000000000000
10000000000000000000000000000000000000000000000
10000000000000000000000000000000000000000000000
1000000000000000000000000000000000000000000000
1000000000000000000000000000000000000000000000
100000000000000000000000000000000000000000000
100000000000000000000000000000000000000000000
10000000000000000000000000000000000000000000
10000000000000000000000000000000000000000000
1000000000000000000000000000000000000000000
1000000000000000000000000000000000000000000
100000000000000000000000000000000000000000
100000000000000000000000000000000000000000
10000000000000000000000000000000000000000
10000000000000000000000000000000000000000
1000000000000000000000000000000000000000
1000000000000000000000000000000000000000
100000000000000000000000000000000000000
100000000000000000000000000000000000000
10000000000000000000000000000000000000
10000000000000000000000000000000000000
1000000000000000000000000000000000000
1000000000000000000000000000000000000
100000000000000000000000000000000000
100000000000000000000000000000000000
10000000000000000000000000000000000
10000000000000000000000000000000000
1000000000000000000000000000000000
1000000000000000000000000000000000
100000000000000000000000000000000
100000000000000000000000000000000
10000000000000000000000000000000
10000000000000000000000000000000
1000000000000000000000000000000
1000000000000000000000000000000
100000000000000000000000000000
100000000000000000000000000000
10000000000000000000000000000
10000000000000000000000000000
1000000000000000000000000000
1000000000000000000000000000
100000000000000000000000000
100000000000000000000000000
10000000000000000000000000
10000000000000000000000000
1000000000000000000000000
1000000000000000000000000
100000000000000000000000
100000000000000000000000
10000000000000000000000
10000000000000000000000
1000000000000000000000
1000000000000000000000
100000000000000000000
100000000000000000000
10000000000000000000
10000000000000000000
1000000000000000000
1000000000000000000
100000000000000000
100000000000000000
10000000000000000
10000000000000000
1000000000000000
1000000000000000
100000000000000
100000000000000
10000000000000
10000000000000
1000000000000
1000000000000
100000000000
100000000000
10000000000
10000000000
1000000000
1000000000
100000000
100000000
10000000
10000000
1000000
1000000
100000
100000
10000
10000
1000
1000
100
100
10
10
1
1
