# 
n 150
t 111111111111111333333333333333333333333333333333333333333333333333333333333
100000000000000000000000000000000000000001000000000001000000100010100000000
100000000000000000100000010100000000000010000100000000000000000001000100100
10000000000000010000000000010101000000000000000110000000000000000010000000
10000000000000000000000000000000100000000000000000000001000000000000010000
1000000000000000000000000000000000000000000000000000010000000000001010000
1000000000000000000000000010100000100000000000010000100000000000000100000
100000000000100000000000000000000000000000000000010000000000001000000000
100000000000000010000100001000100010001000000000000000000000000000000000
10000000000001100000000001001000000000000000000000000010000000010000000
10000000000000000011001000100000100000000001000000000000000000000000000
1000000000000001000000000010000110000010001000100000000000010000000000
1000000000100000001000001000000000000100000000000000000000000000000101
100000000001000000001000000000000100000000101010100000100000000000000
100000000000000000000000000000000000000000000000000100010001000001000
10000000000000100010000000000000100100000000001010000000000000001000
10000000000001010000000000000000000000010000000000000000000001000011
1000000000000100010000000100000000000000000010000000000000010001000
1000000000000000000000010011001000000000100100000101000000000000000
100000000010010000000000000000110000010000000010001001000000000000
100000000000000000100000000000000000000000000000010000000000000000
10000000100000000000000000000001000000000100000000101010000000000
10000000010000001010001000000000000000001000001000000000100000000
1000011000001000000000010001000101000000000100000000000100000010
1000000000000000000010000000000000000001000000001011000000000100
100000000000000000000001000000001000000000000000000000000000011
100000000000000100000000000010010000000001000000000100000000000
10000001000100000000000000000000000000000001000000000000010000
10000000100000000000001010000001100000000000100000100000000000
1110000000100000000010000000000010000000000000000000001100000
1000000000000000000000001000010101010000000010010100000000000
100000000000000000000000000000000000000000000000000000000000
100000000000000000000000000000000000000000000000000000000000
10000000000000000000000000000000000000000000000000000000000
10000000000000000000000000000000000000000000000000000000000
1000000000000000000000000000000000000000000000000000000000
1000000000000000000000000000000000000000000000000000000000
100000000000000000000000000000000000000000000000000000000
100000000000000000000000000000000000000000000000000000000
10000000000000000000000000000000000000000000000000000000
10000000000000000000000000000000000000000000000000000000
1000000000000000000000000000000000000000000000000000000
1000000000000000000000000000000000000000000000000000000
100000000000000000000000000000000000000000000000000000
100000000000000000000000000000000000000000000000000000
10000000000000000000000000000000000000000000000000000
10000000000000000000000000000000000000000000000000000
1000000000000000000000000000000000000000000000000000
1000000000000000000000000000000000000000000000000000
100000000000000000000000000000000000000000000000000
100000000000000000000000000000000000000000000000000
10000000000000000000000000000000000000000000000000
10000000000000000000000000000000000000000000000000
1000000000000000000000000000000000000000000000000
1000000000000000000000000000000000000000000000000
100000000000000000000000000000000000000000000000
100000000000000000000000000000000000000000000000
10000000000000000000000000000000000000000000000
10000000000000000000000000000000000000000000000
1000000000000000000000000000000000000000000000
1000000000000000000000000000000000000000000000
100000000000000000000000000000000000000000000
100000000000000000000000000000000000000000000
10000000000000000000000000000000000000000000
10000000000000000000000000000000000000000000
1000000000000000000000000000000000000000000
1000000000000000000000000000000000000000000
100000000000000000000000000000000000000000
100000000000000000000000000000000000000000
10000000000000000000000000000000000000000
10000000000000000000000000000000000000000
1000000000000000000000000000000000000000
1000000000000000000000000000000000000000
100000000000000000000000000000000000000
100000000000000000000000000000000000000
10000000000000000000000000000000000000
10000000000000000000000000000000000000
1000000000000000000000000000000000000
1000000000000000000000000000000000000
100000000000000000000000000000000000
100000000000000000000000000000000000
10000000000000000000000000000000000
10000000000000000000000000000000000
1000000000000000000000000000000000
1000000000000000000000000000000000
100000000000000000000000000000000
100000000000000000000000000000000
10000000000000000000000000000000
10000000000000000000000000000000
1000000000000000000000000000000
1000000000000000000000000000000
100000000000000000000000000000
100000000000000000000000000000
10000000000000000000000000000
10000000000000000000000000000
1000000000000000000000000000
1000000000000000000000000000
100000000000000000000000000
100000000000000000000000000
10000000000000000000000000
10000000000000000000000000
1000000000000000000000000
1000000000000000000000000
100000000000000000000000
100000000000000000000000
10000000000000000000000
10000000000000000000000
1000000000000000000000
1000000000000000000000
100000000000000000000
100000000000000000000
10000000000000000000
10000000000000000000
1000000000000000000
1000000000000000000
100000000000000000
100000000000000000
10000000000000000
10000000000000000
1000000000000000
1000000000000000
100000000000000
100000000000000
10000000000000
10000000000000
1000000000000
1000000000000
100000000000
100000000000
10000000000
10000000000
1000000000
1000000000
100000000
100000000
10000000
10000000
1000000
1000000
100000
100000
10000
10000
1000
1000
100
100
10
10
1
1
