# 
n 150
t 111111111111111333333333333333333333333333333333333333333333333333333333333
100000000000000000000000001000000000000000000000001000000000000000000100000
100000000000000000001000000100100000001000000000000000000000000100011010110
10000000000000000000000000000000000000100010000000001101000000000000000010
10000000000000000000000000000010000110000101001000000010000000000010000000
1000000000000010000000000000000000100000000100010000000000000010001000000
1000000000000000000010010010000000010100000000101000001000001000000101010
100000000000000010010000000000000000000010000000000000000001001100000001
100000000000001000000000000000000000000100000000010000000110000000000000
10000000000000000000000001000000000000000000000000000001000000000000000
10000000000000000000110000100100000000100000000101000100000000100000000
1000000000000100000001000000100000000000000000000000000010100000000000
1000000000001000000100010000000010000000000000000000000000000000000000
100000000100100000000000000000000000000000000000000000000000000000000
100000000000000100000000000110000100000000000000000010000101010000000
10000000000000001000010000000000001000000000000000000100010000000000
10000000000001000110000000000000000000010000000000000000000000000000
1000000000000001000001000000000000000000010010000000000010000000001
1000000000000000000000101001000000001000000000000000000000000000000
100000000000000000001000001000000000010100100000000000000000010100
100000000000000000000000010001011000000000000100000000000000101000
10000011000100000000000000000011000001010010000011000000000000000
10000000110000000000000000000000010010001000000000000000000000001
1000000000000000100000000001000000000100000000000000000101010000
1000000001000000000000000000010000100000000100000000000000000100
100000000000001000000001000000000000000100011000100000000000000
100000000111000000011000100000001001000001000110010000000000000
10010000000000000000000000000000000000000000100000000000000000
10100000000000000001000000000000000000000010000000000000001000
1000000000000000000000000000000100000000000001000001000000000
1100010000000100010010000000000000000000000000001000000000000
100000000000000000000000000000000000000000000000000000000000
100000000000000000000000000000000000000000000000000000000000
10000000000000000000000000000000000000000000000000000000000
10000000000000000000000000000000000000000000000000000000000
1000000000000000000000000000000000000000000000000000000000
1000000000000000000000000000000000000000000000000000000000
100000000000000000000000000000000000000000000000000000000
100000000000000000000000000000000000000000000000000000000
10000000000000000000000000000000000000000000000000000000
10000000000000000000000000000000000000000000000000000000
1000000000000000000000000000000000000000000000000000000
1000000000000000000000000000000000000000000000000000000
100000000000000000000000000000000000000000000000000000
100000000000000000000000000000000000000000000000000000
10000000000000000000000000000000000000000000000000000
10000000000000000000000000000000000000000000000000000
1000000000000000000000000000000000000000000000000000
1000000000000000000000000000000000000000000000000000
100000000000000000000000000000000000000000000000000
100000000000000000000000000000000000000000000000000
10000000000000000000000000000000000000000000000000
10000000000000000000000000000000000000000000000000
1000000000000000000000000000000000000000000000000
1000000000000000000000000000000000000000000000000
100000000000000000000000000000000000000000000000
100000000000000000000000000000000000000000000000
10000000000000000000000000000000000000000000000
10000000000000000000000000000000000000000000000
1000000000000000000000000000000000000000000000
1000000000000000000000000000000000000000000000
100000000000000000000000000000000000000000000
100000000000000000000000000000000000000000000
10000000000000000000000000000000000000000000
10000000000000000000000000000000000000000000
1000000000000000000000000000000000000000000
1000000000000000000000000000000000000000000
100000000000000000000000000000000000000000
100000000000000000000000000000000000000000
10000000000000000000000000000000000000000
10000000000000000000000000000000000000000
1000000000000000000000000000000000000000
1000000000000000000000000000000000000000
100000000000000000000000000000000000000
100000000000000000000000000000000000000
10000000000000000000000000000000000000
10000000000000000000000000000000000000
1000000000000000000000000000000000000
1000000000000000000000000000000000000
100000000000000000000000000000000000
100000000000000000000000000000000000
10000000000000000000000000000000000
10000000000000000000000000000000000
1000000000000000000000000000000000
1000000000000000000000000000000000
100000000000000000000000000000000
100000000000000000000000000000000
10000000000000000000000000000000
10000000000000000000000000000000
1000000000000000000000000000000
1000000000000000000000000000000
100000000000000000000000000000
100000000000000000000000000000
10000000000000000000000000000
10000000000000000000000000000
1000000000000000000000000000
1000000000000000000000000000
100000000000000000000000000
100000000000000000000000000
10000000000000000000000000
10000000000000000000000000
1000000000000000000000000
1000000000000000000000000
100000000000000000000000
100000000000000000000000
10000000000000000000000
10000000000000000000000
1000000000000000000000
1000000000000000000000
100000000000000000000
100000000000000000000
10000000000000000000
10000000000000000000
1000000000000000000
1000000000000000000
100000000000000000
100000000000000000
10000000000000000
10000000000000000
1000000000000000
1000000000000000
100000000000000
100000000000000
10000000000000
10000000000000
1000000000000
1000000000000
100000000000
100000000000
10000000000
10000000000
1000000000
1000000000
100000000
100000000
10000000
10000000
1000000
1000000
100000
100000
10000
10000
1000
1000
100
100
10
10
1
1
