# 
n 150
t 111111111111111333333333333333333333333333333333333333333333333333333333333
100000000000000101000000001000000000000010110000010000000000000000000000000
100000000000000000001000010000000011000001000000000000000000000000000000000
10000000000000000000000000000000000001000100000100000000000000100000000000
10000000000000000100010001000000000000000000000010100000000000010011000000
1000000000000000000000000000000000000000000000000000001000000000000000001
1000000000000000000100100000000100000000000000000001000000010001000000000
100000000000000001011000000000000000000001000000000000000000011100000000
100000000000000010000000000000000100000000010000000010010000000000000010
10000000000000000001000110000100000000000000010100000100000010000000000
10000000000100000100010000010000010001001000100000000000000100000000000
1000000000000000000000000000000000000001000000000010101000000100000000
1000000000000000000100000000010010000000000000000000000000000000000000
100000000000000000000000001000000000000000000000000000001000000000000
100000000000101000001101010000101000000000000000100100010000000000100
10000000010100000000000001000101100000000000100100010101000010000000
10000000000000000000000000010010000010111000000000001000000000001001
1000000000000000000000000000000001000000000000000000000000010011000
1000000000000000000000100000000000000000000010001000100000000100010
100000000010000000010000000000100000000001000000000000000000000000
100000001000100000000100000000010010001000010100000000000000000000
10000000000000010000001100000000000000000000001000000000000000100
10000000000000000000010001000000000000001000010000000000001000000
1000000000000000010100000000000100000000000000000000000000100010
1000000000011100000000000000000000000000001000000000000000010000
100010000000000001000000000000000010000000000010000101000100100
100000010000000100000000000000000100000001000001010000001000001
10011000000000000000000000100000000000000000000100000000001000
10100000000000000000000000000000000000000000000000000000010000
1000000000000001000001000000000101000010000000000000000000000
1000000000000000000000000010000000101000000000001000100000000
100000000000000000000000000000000000000000000000000000000000
100000000000000000000000000000000000000000000000000000000000
10000000000000000000000000000000000000000000000000000000000
10000000000000000000000000000000000000000000000000000000000
1000000000000000000000000000000000000000000000000000000000
1000000000000000000000000000000000000000000000000000000000
100000000000000000000000000000000000000000000000000000000
100000000000000000000000000000000000000000000000000000000
10000000000000000000000000000000000000000000000000000000
10000000000000000000000000000000000000000000000000000000
1000000000000000000000000000000000000000000000000000000
1000000000000000000000000000000000000000000000000000000
100000000000000000000000000000000000000000000000000000
100000000000000000000000000000000000000000000000000000
10000000000000000000000000000000000000000000000000000
10000000000000000000000000000000000000000000000000000
1000000000000000000000000000000000000000000000000000
1000000000000000000000000000000000000000000000000000
100000000000000000000000000000000000000000000000000
100000000000000000000000000000000000000000000000000
10000000000000000000000000000000000000000000000000
10000000000000000000000000000000000000000000000000
1000000000000000000000000000000000000000000000000
1000000000000000000000000000000000000000000000000
100000000000000000000000000000000000000000000000
100000000000000000000000000000000000000000000000
10000000000000000000000000000000000000000000000
10000000000000000000000000000000000000000000000
1000000000000000000000000000000000000000000000
1000000000000000000000000000000000000000000000
100000000000000000000000000000000000000000000
100000000000000000000000000000000000000000000
10000000000000000000000000000000000000000000
10000000000000000000000000000000000000000000
1000000000000000000000000000000000000000000
1000000000000000000000000000000000000000000
100000000000000000000000000000000000000000
100000000000000000000000000000000000000000
10000000000000000000000000000000000000000
10000000000000000000000000000000000000000
1000000000000000000000000000000000000000
1000000000000000000000000000000000000000
100000000000000000000000000000000000000
100000000000000000000000000000000000000
10000000000000000000000000000000000000
10000000000000000000000000000000000000
1000000000000000000000000000000000000
1000000000000000000000000000000000000
100000000000000000000000000000000000
100000000000000000000000000000000000
10000000000000000000000000000000000
10000000000000000000000000000000000
1000000000000000000000000000000000
1000000000000000000000000000000000
100000000000000000000000000000000
100000000000000000000000000000000
10000000000000000000000000000000
10000000000000000000000000000000
1000000000000000000000000000000
1000000000000000000000000000000
100000000000000000000000000000
100000000000000000000000000000
10000000000000000000000000000
10000000000000000000000000000
1000000000000000000000000000
1000000000000000000000000000
100000000000000000000000000
100000000000000000000000000
10000000000000000000000000
10000000000000000000000000
1000000000000000000000000
1000000000000000000000000
100000000000000000000000
100000000000000000000000
10000000000000000000000
10000000000000000000000
1000000000000000000000
1000000000000000000000
100000000000000000000
100000000000000000000
10000000000000000000
10000000000000000000
1000000000000000000
1000000000000000000
100000000000000000
100000000000000000
10000000000000000
10000000000000000
1000000000000000
1000000000000000
100000000000000
100000000000000
10000000000000
10000000000000
1000000000000
1000000000000
100000000000
100000000000
10000000000
10000000000
1000000000
1000000000
100000000
100000000
10000000
10000000
1000000
1000000
100000
100000
10000
10000
1000
1000
100
100
10
10
1
1
