# 
n 150
t 111111111111111333333333333333333333333333333333333333333333333333333333333
100000000000000000000000000000000001010000010000000110000010001100000100100
100000000000000000000000000000001100000100000000000000111000000000000010000
10000000000000000011010000001000001010000000000000000000001010001000000001
10000000000000000000000000000000010000001000000010000001000000000000001000
1000000000000000000000001000000000001000000001000000000000000000000000000
1000000000000001000000000100000000100001000000000000000000101000000000000
100000000000000000100000000000000000000000000001000000000000000001000000
100000000000010100000100000010000000000000000000000000000000000000000000
10000000000000000000100000000000000000000000000010010000000000000000010
10000000000000000000010000000100000010000010000100000000000000111000100
1000000000001100000000000000000000000011000001000000000010000000000000
1000000000000000001000001000000000000000000000010000000100000000000000
100000000000000000000000000000000000000000000001000000000110000101000
100000000010000000000010000000001000000000100000000010000000000000001
10000000000000000000100110000000001000000000000000000000000000010100
10000000000000000000000000000000000000100100000000000010000100001011
1000000100000000000000000000010010000000000001000100000000000000000
1000000000000000000000000010000100000000000000000000000010000100000
100000100001000000000001000000000000000000000000000000000011000000
100000000000000000000000000000100000110000000001000000011000000000
10000000000000101011000100000010100010000000000000000000000000000
10000000100000010000100000000000001000000000000100000100000000000
1000000001100000000000000000000000000000100000000000000000000000
1000000000011000000001000100000100000000000100100001000000000000
100000000000000000000000000000000000010000000001000000000000000
100000000001010100000000000000101000100000000000000000010000000
10000000100000000000000000000000001000000000010100001100000000
10100010010000000110000000000010000011000110000000000000010000
1011000000000000000011001000000101000000000001000000000000010
1000010000001010000000100000000000000001000000000000000000000
100000000000000000000000000000000000000000000000000000000000
100000000000000000000000000000000000000000000000000000000000
10000000000000000000000000000000000000000000000000000000000
10000000000000000000000000000000000000000000000000000000000
1000000000000000000000000000000000000000000000000000000000
1000000000000000000000000000000000000000000000000000000000
100000000000000000000000000000000000000000000000000000000
100000000000000000000000000000000000000000000000000000000
10000000000000000000000000000000000000000000000000000000
10000000000000000000000000000000000000000000000000000000
1000000000000000000000000000000000000000000000000000000
1000000000000000000000000000000000000000000000000000000
100000000000000000000000000000000000000000000000000000
100000000000000000000000000000000000000000000000000000
10000000000000000000000000000000000000000000000000000
10000000000000000000000000000000000000000000000000000
1000000000000000000000000000000000000000000000000000
1000000000000000000000000000000000000000000000000000
100000000000000000000000000000000000000000000000000
100000000000000000000000000000000000000000000000000
10000000000000000000000000000000000000000000000000
10000000000000000000000000000000000000000000000000
1000000000000000000000000000000000000000000000000
1000000000000000000000000000000000000000000000000
100000000000000000000000000000000000000000000000
100000000000000000000000000000000000000000000000
10000000000000000000000000000000000000000000000
10000000000000000000000000000000000000000000000
1000000000000000000000000000000000000000000000
1000000000000000000000000000000000000000000000
100000000000000000000000000000000000000000000
100000000000000000000000000000000000000000000
10000000000000000000000000000000000000000000
10000000000000000000000000000000000000000000
1000000000000000000000000000000000000000000
1000000000000000000000000000000000000000000
100000000000000000000000000000000000000000
100000000000000000000000000000000000000000
10000000000000000000000000000000000000000
10000000000000000000000000000000000000000
1000000000000000000000000000000000000000
1000000000000000000000000000000000000000
100000000000000000000000000000000000000
100000000000000000000000000000000000000
10000000000000000000000000000000000000
10000000000000000000000000000000000000
1000000000000000000000000000000000000
1000000000000000000000000000000000000
100000000000000000000000000000000000
100000000000000000000000000000000000
10000000000000000000000000000000000
10000000000000000000000000000000000
1000000000000000000000000000000000
1000000000000000000000000000000000
100000000000000000000000000000000
100000000000000000000000000000000
10000000000000000000000000000000
10000000000000000000000000000000
1000000000000000000000000000000
1000000000000000000000000000000
100000000000000000000000000000
100000000000000000000000000000
10000000000000000000000000000
10000000000000000000000000000
1000000000000000000000000000
1000000000000000000000000000
100000000000000000000000000
100000000000000000000000000
10000000000000000000000000
10000000000000000000000000
1000000000000000000000000
1000000000000000000000000
100000000000000000000000
100000000000000000000000
10000000000000000000000
10000000000000000000000
1000000000000000000000
1000000000000000000000
100000000000000000000
100000000000000000000
10000000000000000000
10000000000000000000
1000000000000000000
1000000000000000000
100000000000000000
100000000000000000
10000000000000000
10000000000000000
1000000000000000
1000000000000000
100000000000000
100000000000000
10000000000000
10000000000000
1000000000000
1000000000000
100000000000
100000000000
10000000000
10000000000
1000000000
1000000000
100000000
100000000
10000000
10000000
1000000
1000000
100000
100000
10000
10000
1000
1000
100
100
10
10
1
1
