# 
n 150
t 111111111111111333333333333333333333333333333333333333333333333333333333333
100000000000000010010000000000000000000110000000001010000000010000000000000
100000000000000000000000100000010000000000000100000000000000000000000000000
10000000000000000000010000000000000000000000000000000001001000000000001000
10000000000000000000000000000000000001000000000000000000000000100000000100
1000000000000010100010000000001000000000000010000001000000010000000000000
1000000000000000000101000000100000000101000000000100000000000000000000000
100000000000000010000000001000000100000000001001000000000000000001000000
100000000000000000001110000001000000000010000100101000010100010100100001
10000000000000001000000100001100000000000000000001000000000100000010000
10000000000000000001100010100000100000010100000000000000000000000000000
1000000000001000000000100000000010000100000000000100100000000000100000
1000000000100100000000000000001000000000000000000010000010000010000010
100000000000000010000000000001000001000000000000000110000001000000001
100000000000000000000000000000000000001000000000001000000000001000100
10000000000000100000000000010001000010011000000000000000000000000000
10000000000001000001000000000000000100000000000000001000000110000010
1000000000000000000000010010000000000000010000001000000000010000000
1000000000000000000000000000010000001000100000000000000000000110000
100000000010000001010000000000000000000100000000101000000000001000
100000100001000010000000010010010000001001000000000000010000000000
10000001000000000001000001000000000000000000000010000000000001000
10000000000000000000000100000000000000000010010000000100000000000
1000000000000000010010000000000000000000000000000000000000000000
1000000000000000000000000100110000000010000100000001001000000000
100000100000001000000000001000100100000100100000100000000000000
100001000100000000000000000001000010000000000000000001100000000
10000000000000000000000000000001000000000000000100000000010000
10000000000010001100100000000000000000000010000001010000000000
1010000000000100000000000000000000010010000000001000001000010
1100000000000000000000000000000000000000000000000000000000101
100000000000000000000000000000000000000000000000000000000000
100000000000000000000000000000000000000000000000000000000000
10000000000000000000000000000000000000000000000000000000000
10000000000000000000000000000000000000000000000000000000000
1000000000000000000000000000000000000000000000000000000000
1000000000000000000000000000000000000000000000000000000000
100000000000000000000000000000000000000000000000000000000
100000000000000000000000000000000000000000000000000000000
10000000000000000000000000000000000000000000000000000000
10000000000000000000000000000000000000000000000000000000
1000000000000000000000000000000000000000000000000000000
1000000000000000000000000000000000000000000000000000000
100000000000000000000000000000000000000000000000000000
100000000000000000000000000000000000000000000000000000
10000000000000000000000000000000000000000000000000000
10000000000000000000000000000000000000000000000000000
1000000000000000000000000000000000000000000000000000
1000000000000000000000000000000000000000000000000000
100000000000000000000000000000000000000000000000000
100000000000000000000000000000000000000000000000000
10000000000000000000000000000000000000000000000000
10000000000000000000000000000000000000000000000000
1000000000000000000000000000000000000000000000000
1000000000000000000000000000000000000000000000000
100000000000000000000000000000000000000000000000
100000000000000000000000000000000000000000000000
10000000000000000000000000000000000000000000000
10000000000000000000000000000000000000000000000
1000000000000000000000000000000000000000000000
1000000000000000000000000000000000000000000000
100000000000000000000000000000000000000000000
100000000000000000000000000000000000000000000
10000000000000000000000000000000000000000000
10000000000000000000000000000000000000000000
1000000000000000000000000000000000000000000
1000000000000000000000000000000000000000000
100000000000000000000000000000000000000000
100000000000000000000000000000000000000000
10000000000000000000000000000000000000000
10000000000000000000000000000000000000000
1000000000000000000000000000000000000000
1000000000000000000000000000000000000000
100000000000000000000000000000000000000
100000000000000000000000000000000000000
10000000000000000000000000000000000000
10000000000000000000000000000000000000
1000000000000000000000000000000000000
1000000000000000000000000000000000000
100000000000000000000000000000000000
100000000000000000000000000000000000
10000000000000000000000000000000000
10000000000000000000000000000000000
1000000000000000000000000000000000
1000000000000000000000000000000000
100000000000000000000000000000000
100000000000000000000000000000000
10000000000000000000000000000000
10000000000000000000000000000000
1000000000000000000000000000000
1000000000000000000000000000000
100000000000000000000000000000
100000000000000000000000000000
10000000000000000000000000000
10000000000000000000000000000
1000000000000000000000000000
1000000000000000000000000000
100000000000000000000000000
100000000000000000000000000
10000000000000000000000000
10000000000000000000000000
1000000000000000000000000
1000000000000000000000000
100000000000000000000000
100000000000000000000000
10000000000000000000000
10000000000000000000000
1000000000000000000000
1000000000000000000000
100000000000000000000
100000000000000000000
10000000000000000000
10000000000000000000
1000000000000000000
1000000000000000000
100000000000000000
100000000000000000
10000000000000000
10000000000000000
1000000000000000
1000000000000000
100000000000000
100000000000000
10000000000000
10000000000000
1000000000000
1000000000000
100000000000
100000000000
10000000000
10000000000
1000000000
1000000000
100000000
100000000
10000000
10000000
1000000
1000000
100000
100000
10000
10000
1000
1000
100
100
10
10
1
1
