# 
n 150
t 111111111111111333333333333333333333333333333333333333333333333333333333333
100000000000000100000000000000000100000000000000000000000000000010000000000
100000000000000000000010000000000000000000000101010000000000000000100000010
10000000000000000000000000000000000000010000000000000000000000000000000000
10000000000000000000000000000100000001000100000001000000000110000010000000
1000000000000000010000010000000000000000000001000100100000000000000010000
1000000000000000001000000000000010000000101000000000000000010000000000000
100000000000010000000100000000000000000000010000010000000000000000000001
100000000000000010000010000000000010001000000000000000000001000000000000
10000000000000000010000000000000000000100000000000000001000000100000010
10000000000000100000000000000010100001000000000010010000000100000000000
1000000000000000100000000000000100000000100000000001000000011000001000
1000000000100000001000001000000000000000000000000000000000000000000000
100000000010000000000000000000100000000000000000000110000000000010100
100000000000000100100000011010010000000001000000000000000001010000000
10000000000001000000010000000000110010000000000000000010000000000000
10000000001000000001001001000000000000000000000100000000000000001000
1000000000000000000000110000001100011000000001000110001000001100100
1000000001000000001010000000000000000000100000000000000000000000000
100000000000000000100000000000000000000000100000000000000000000000
100000000101000010000000000000001010000001000000000000000010000000
10000000000000000000000000000000001000000000001001000100000100000
10000000100000000000000001000000000000100000000000000000100001000
1000001000000001000000001000010000000010000100000100000000100000
1000000000000000000100000010000000000100001000010000100001000000
100000000001000100000000000000000000010000000000000000000000111
100110000010000000001000000100000000000000010000000001000000000
10000000100000000000101000000000000000000000000000000000010000
10000010001000101000000000000000010000000001101000010001000000
1000000000100000010000000000000100000100010000000000000000000
1000000000000010000100001000000010001011000000101000000000001
100000000000000000000000000000000000000000000000000000000000
100000000000000000000000000000000000000000000000000000000000
10000000000000000000000000000000000000000000000000000000000
10000000000000000000000000000000000000000000000000000000000
1000000000000000000000000000000000000000000000000000000000
1000000000000000000000000000000000000000000000000000000000
100000000000000000000000000000000000000000000000000000000
100000000000000000000000000000000000000000000000000000000
10000000000000000000000000000000000000000000000000000000
10000000000000000000000000000000000000000000000000000000
1000000000000000000000000000000000000000000000000000000
1000000000000000000000000000000000000000000000000000000
100000000000000000000000000000000000000000000000000000
100000000000000000000000000000000000000000000000000000
10000000000000000000000000000000000000000000000000000
10000000000000000000000000000000000000000000000000000
1000000000000000000000000000000000000000000000000000
1000000000000000000000000000000000000000000000000000
100000000000000000000000000000000000000000000000000
100000000000000000000000000000000000000000000000000
10000000000000000000000000000000000000000000000000
10000000000000000000000000000000000000000000000000
1000000000000000000000000000000000000000000000000
1000000000000000000000000000000000000000000000000
100000000000000000000000000000000000000000000000
100000000000000000000000000000000000000000000000
10000000000000000000000000000000000000000000000
10000000000000000000000000000000000000000000000
1000000000000000000000000000000000000000000000
1000000000000000000000000000000000000000000000
100000000000000000000000000000000000000000000
100000000000000000000000000000000000000000000
10000000000000000000000000000000000000000000
10000000000000000000000000000000000000000000
1000000000000000000000000000000000000000000
1000000000000000000000000000000000000000000
100000000000000000000000000000000000000000
100000000000000000000000000000000000000000
10000000000000000000000000000000000000000
10000000000000000000000000000000000000000
1000000000000000000000000000000000000000
1000000000000000000000000000000000000000
100000000000000000000000000000000000000
100000000000000000000000000000000000000
10000000000000000000000000000000000000
10000000000000000000000000000000000000
1000000000000000000000000000000000000
1000000000000000000000000000000000000
100000000000000000000000000000000000
100000000000000000000000000000000000
10000000000000000000000000000000000
10000000000000000000000000000000000
1000000000000000000000000000000000
1000000000000000000000000000000000
100000000000000000000000000000000
100000000000000000000000000000000
10000000000000000000000000000000
10000000000000000000000000000000
1000000000000000000000000000000
1000000000000000000000000000000
100000000000000000000000000000
100000000000000000000000000000
10000000000000000000000000000
10000000000000000000000000000
1000000000000000000000000000
1000000000000000000000000000
100000000000000000000000000
100000000000000000000000000
10000000000000000000000000
10000000000000000000000000
1000000000000000000000000
1000000000000000000000000
100000000000000000000000
100000000000000000000000
10000000000000000000000
10000000000000000000000
1000000000000000000000
1000000000000000000000
100000000000000000000
100000000000000000000
10000000000000000000
10000000000000000000
1000000000000000000
1000000000000000000
100000000000000000
100000000000000000
10000000000000000
10000000000000000
1000000000000000
1000000000000000
100000000000000
100000000000000
10000000000000
10000000000000
1000000000000
1000000000000
100000000000
100000000000
10000000000
10000000000
1000000000
1000000000
100000000
100000000
10000000
10000000
1000000
1000000
100000
100000
10000
10000
1000
1000
100
100
10
10
1
1
