# 
n 150
t 111111111111111333333333333333333333333333333333333333333333333333333333333
100000000000000000000100000000001000000010000001100000000000000000000100010
100000000000000010001000000000000000000100000000000000001000100000000000000
10000000000000000000000001000000101000000101000000100000000000100000000000
10000000000000000000000010000000000010001000100000000000010000000000001000
1000000000000100000000000001000001000000000000000000000000000000100000000
1000000000000010000001000000010010000100000000000100001000000000000000101
100000000000100010000000010000001000001010100000010000001100101000001100
100000000000001000000000000000110000000000000010000000000000000010000000
10000000000000000000010000000000000000100000000000000000000000000000000
10000000000000000000001000000100000000000000001000001000000000000011000
1000000000000000010000000000000000000000000000001000000000000000000000
1000000000000000001000000000000000000010000000000010000010000101100000
100000000000100000000010010000000000000000000000000100000001000000010
100000000000000100000000000010000000010000000000000000000000000000000
10000000000000000000000000000001000000000001000000000000000000000000
10000000000000000010000101000010000000000000100000000000000010000000
1000000010000000001001001000100000000010100000000110000000001010000
1000000000000000000100000000000000100001010001000001001000110100011
100000000000000000000000000000100000001000000010000011010000000001
100000000000000000000000000100010001000000000000000000000000000000
10000000000000000001000000000000000000100010000000000011000010000
10000100100000100100100000010000000000000000100000000000000000100
1000001000010000000010000000000000000000000000000010000000000000
1000000101000000000000000000000000010000000000100000000000000000
100001010100000000000000000000000000000000000001000000000000000
100000000000100100000000001000001010000000000010000010000000000
10000000000000000000000000001000000000010010000100000000000000
10000001011100010000000001000000100000000100000000000001000000
1000010000000000000000100000000000011000000000001000000000000
1000000000000000100000000010000000000001100000000100000000000
100000000000000000000000000000000000000000000000000000000000
100000000000000000000000000000000000000000000000000000000000
10000000000000000000000000000000000000000000000000000000000
10000000000000000000000000000000000000000000000000000000000
1000000000000000000000000000000000000000000000000000000000
1000000000000000000000000000000000000000000000000000000000
100000000000000000000000000000000000000000000000000000000
100000000000000000000000000000000000000000000000000000000
10000000000000000000000000000000000000000000000000000000
10000000000000000000000000000000000000000000000000000000
1000000000000000000000000000000000000000000000000000000
1000000000000000000000000000000000000000000000000000000
100000000000000000000000000000000000000000000000000000
100000000000000000000000000000000000000000000000000000
10000000000000000000000000000000000000000000000000000
10000000000000000000000000000000000000000000000000000
1000000000000000000000000000000000000000000000000000
1000000000000000000000000000000000000000000000000000
100000000000000000000000000000000000000000000000000
100000000000000000000000000000000000000000000000000
10000000000000000000000000000000000000000000000000
10000000000000000000000000000000000000000000000000
1000000000000000000000000000000000000000000000000
1000000000000000000000000000000000000000000000000
100000000000000000000000000000000000000000000000
100000000000000000000000000000000000000000000000
10000000000000000000000000000000000000000000000
10000000000000000000000000000000000000000000000
1000000000000000000000000000000000000000000000
1000000000000000000000000000000000000000000000
100000000000000000000000000000000000000000000
100000000000000000000000000000000000000000000
10000000000000000000000000000000000000000000
10000000000000000000000000000000000000000000
1000000000000000000000000000000000000000000
1000000000000000000000000000000000000000000
100000000000000000000000000000000000000000
100000000000000000000000000000000000000000
10000000000000000000000000000000000000000
10000000000000000000000000000000000000000
1000000000000000000000000000000000000000
1000000000000000000000000000000000000000
100000000000000000000000000000000000000
100000000000000000000000000000000000000
10000000000000000000000000000000000000
10000000000000000000000000000000000000
1000000000000000000000000000000000000
1000000000000000000000000000000000000
100000000000000000000000000000000000
100000000000000000000000000000000000
10000000000000000000000000000000000
10000000000000000000000000000000000
1000000000000000000000000000000000
1000000000000000000000000000000000
100000000000000000000000000000000
100000000000000000000000000000000
10000000000000000000000000000000
10000000000000000000000000000000
1000000000000000000000000000000
1000000000000000000000000000000
100000000000000000000000000000
100000000000000000000000000000
10000000000000000000000000000
10000000000000000000000000000
1000000000000000000000000000
1000000000000000000000000000
100000000000000000000000000
100000000000000000000000000
10000000000000000000000000
10000000000000000000000000
1000000000000000000000000
1000000000000000000000000
100000000000000000000000
100000000000000000000000
10000000000000000000000
10000000000000000000000
1000000000000000000000
1000000000000000000000
100000000000000000000
100000000000000000000
10000000000000000000
10000000000000000000
1000000000000000000
1000000000000000000
100000000000000000
100000000000000000
10000000000000000
10000000000000000
1000000000000000
1000000000000000
100000000000000
100000000000000
10000000000000
10000000000000
1000000000000
1000000000000
100000000000
100000000000
10000000000
10000000000
1000000000
1000000000
100000000
100000000
10000000
10000000
1000000
1000000
100000
100000
10000
10000
1000
1000
100
100
10
10
1
1
