# 
n 150
t 111111111111111333333333333333333333333333333333333333333333333333333333333
100000000000000010010000100000000000000000010000000000000000000000000000000
100000000000000100000000000000000000000000000000000000000010101000000000011
10000000000000000000000001001000010000000000000000100000000000000000000000
10000000000000000000001000000000000100000000000000000000000000000100010000
1000000000000000000010000010000100100000000010000010000000000000000000000
1000000000000000100000000000001000000111010100010000000000000000010000000
100000000000000000110000000000000001000000000001000001101000000101000100
100000000000000000000000000000000000000100010000000000000000000000001000
10000000000000010000010000000100000000000001000000000000000010000000000
10000000000000000000000000000010001000010000000010000001000000001010000
1000000000000000000000000000000000000000000001000000000001000000000000
1000000000001100100000000000000000000001000000000000000010000000000000
100000000000000000000000000001000010000000000100010000000001000000000
100000000010000000000000000000010000000001100000000000000000100110000
10000000000000000000010000000001000000000010000000000000100000000010
10000000000000000100000000001000100000000100000000000010000000000000
1000000000000000000000001000000000000010000000010100100000000000000
1000000000001000000100000010000000000100000000000000000000000000000
100000000000000000101100000000100000100000000000010011100010000101
100000000100000000010001000000000000000000000000000000000000101000
10000100000001000000010000000000000000001000011000100001000100000
10000001010110001000100000010000000000100000000000000010000000000
1000000000000000100000000000001000000000000000000000000011000110
1000000000000000001000000100000100000000000100010000100000000000
100100001000000000000000000000001000000110100000000000000000000
100001000001110000000000000000000000000001000000000001000000000
10000000000000000010000000000000000000000000101000010000000000
10010000000000000000100000010101001000001101000000000000000001
1000001000010000000001000001000000000000000000000000000001000
1000000000001000110000010000000000010001000000000000000000000
100000000000000000000000000000000000000000000000000000000000
100000000000000000000000000000000000000000000000000000000000
10000000000000000000000000000000000000000000000000000000000
10000000000000000000000000000000000000000000000000000000000
1000000000000000000000000000000000000000000000000000000000
1000000000000000000000000000000000000000000000000000000000
100000000000000000000000000000000000000000000000000000000
100000000000000000000000000000000000000000000000000000000
10000000000000000000000000000000000000000000000000000000
10000000000000000000000000000000000000000000000000000000
1000000000000000000000000000000000000000000000000000000
1000000000000000000000000000000000000000000000000000000
100000000000000000000000000000000000000000000000000000
100000000000000000000000000000000000000000000000000000
10000000000000000000000000000000000000000000000000000
10000000000000000000000000000000000000000000000000000
1000000000000000000000000000000000000000000000000000
1000000000000000000000000000000000000000000000000000
100000000000000000000000000000000000000000000000000
100000000000000000000000000000000000000000000000000
10000000000000000000000000000000000000000000000000
10000000000000000000000000000000000000000000000000
1000000000000000000000000000000000000000000000000
1000000000000000000000000000000000000000000000000
100000000000000000000000000000000000000000000000
100000000000000000000000000000000000000000000000
10000000000000000000000000000000000000000000000
10000000000000000000000000000000000000000000000
1000000000000000000000000000000000000000000000
1000000000000000000000000000000000000000000000
100000000000000000000000000000000000000000000
100000000000000000000000000000000000000000000
10000000000000000000000000000000000000000000
10000000000000000000000000000000000000000000
1000000000000000000000000000000000000000000
1000000000000000000000000000000000000000000
100000000000000000000000000000000000000000
100000000000000000000000000000000000000000
10000000000000000000000000000000000000000
10000000000000000000000000000000000000000
1000000000000000000000000000000000000000
1000000000000000000000000000000000000000
100000000000000000000000000000000000000
100000000000000000000000000000000000000
10000000000000000000000000000000000000
10000000000000000000000000000000000000
1000000000000000000000000000000000000
1000000000000000000000000000000000000
100000000000000000000000000000000000
100000000000000000000000000000000000
10000000000000000000000000000000000
10000000000000000000000000000000000
1000000000000000000000000000000000
1000000000000000000000000000000000
100000000000000000000000000000000
100000000000000000000000000000000
10000000000000000000000000000000
10000000000000000000000000000000
1000000000000000000000000000000
1000000000000000000000000000000
100000000000000000000000000000
100000000000000000000000000000
10000000000000000000000000000
10000000000000000000000000000
1000000000000000000000000000
1000000000000000000000000000
100000000000000000000000000
100000000000000000000000000
10000000000000000000000000
10000000000000000000000000
1000000000000000000000000
1000000000000000000000000
100000000000000000000000
100000000000000000000000
10000000000000000000000
10000000000000000000000
1000000000000000000000
1000000000000000000000
100000000000000000000
100000000000000000000
10000000000000000000
10000000000000000000
1000000000000000000
1000000000000000000
100000000000000000
100000000000000000
10000000000000000
10000000000000000
1000000000000000
1000000000000000
100000000000000
100000000000000
10000000000000
10000000000000
1000000000000
1000000000000
100000000000
100000000000
10000000000
10000000000
1000000000
1000000000
100000000
100000000
10000000
10000000
1000000
1000000
100000
100000
10000
10000
1000
1000
100
100
10
10
1
1
