# 
n 150
t 111111111111111333333333333333333333333333333333333333333333333333333333333
100000000000000010000000000000000000000001001000000001000000000000000001000
100000000000000000000001000000000000000000000000000010100000001000000000000
10000000000000000001000100000001000000000000010000000000000000000000100001
10000000000000001000000000000010000000000100000010000000000010001000000000
1000000000000100000000001010000000000100000000000000000010000000100000000
1000000000000000000000000000100000000000000010100000010000000010000000000
100000000000000000000000000000000000000010000000000001000000001000010100
100000000000000000000000001000100000000100000000000000000000000000000000
10000000000000100000001000000000000000101000000001000000000000000000000
10000000000010000001100000000000010010000010000000000000001100000000000
1000000000001000100010000000000000000000000000000001000000000000000000
1000000000000010000000000000000100001000001000110000000100100000010001
100000000100010010100000000000000000000000000000100000001000010000000
100000000000000001000000000111010000000000001000000000000000000000000
10000000000000000010000000000011000000000001000000100100000001100000
10000000000101000000100010000000100000000000001000000000000000000100
1000000000000100001010000000000000000000000000000000000000000000000
1000000101000000010100001000000001000100000100000010000010000000110
100000000000000000001000100000000000000000000000000000000000100010
100000000000000000000100000000000000000100000010110000010100001000
10000000000000000110000001000100010100000000000000010000000000000
10000010000000000000000010000010000000000000000001100000000000000
1000000000000000001000000000000000100000000000101000000001001000
1000000111010000000001000001000001000010000010000000000000000000
100000000000000000000000000000000001100000000000000000010010000
100000000100000000010010101010000000010010100000000000000000000
10000000010000000000001100000000000000100000000010000000000000
10000000000000000000000000000010000001000001000000100010000001
1000000000000000000000000000000001000000000000000000000000010
1000000000000000100000000000000000000000000001000001101000000
100000000000000000000000000000000000000000000000000000000000
100000000000000000000000000000000000000000000000000000000000
10000000000000000000000000000000000000000000000000000000000
10000000000000000000000000000000000000000000000000000000000
1000000000000000000000000000000000000000000000000000000000
1000000000000000000000000000000000000000000000000000000000
100000000000000000000000000000000000000000000000000000000
100000000000000000000000000000000000000000000000000000000
10000000000000000000000000000000000000000000000000000000
10000000000000000000000000000000000000000000000000000000
1000000000000000000000000000000000000000000000000000000
1000000000000000000000000000000000000000000000000000000
100000000000000000000000000000000000000000000000000000
100000000000000000000000000000000000000000000000000000
10000000000000000000000000000000000000000000000000000
10000000000000000000000000000000000000000000000000000
1000000000000000000000000000000000000000000000000000
1000000000000000000000000000000000000000000000000000
100000000000000000000000000000000000000000000000000
100000000000000000000000000000000000000000000000000
10000000000000000000000000000000000000000000000000
10000000000000000000000000000000000000000000000000
1000000000000000000000000000000000000000000000000
1000000000000000000000000000000000000000000000000
100000000000000000000000000000000000000000000000
100000000000000000000000000000000000000000000000
10000000000000000000000000000000000000000000000
10000000000000000000000000000000000000000000000
1000000000000000000000000000000000000000000000
1000000000000000000000000000000000000000000000
100000000000000000000000000000000000000000000
100000000000000000000000000000000000000000000
10000000000000000000000000000000000000000000
10000000000000000000000000000000000000000000
1000000000000000000000000000000000000000000
1000000000000000000000000000000000000000000
100000000000000000000000000000000000000000
100000000000000000000000000000000000000000
10000000000000000000000000000000000000000
10000000000000000000000000000000000000000
1000000000000000000000000000000000000000
1000000000000000000000000000000000000000
100000000000000000000000000000000000000
100000000000000000000000000000000000000
10000000000000000000000000000000000000
10000000000000000000000000000000000000
1000000000000000000000000000000000000
1000000000000000000000000000000000000
100000000000000000000000000000000000
100000000000000000000000000000000000
10000000000000000000000000000000000
10000000000000000000000000000000000
1000000000000000000000000000000000
1000000000000000000000000000000000
100000000000000000000000000000000
100000000000000000000000000000000
10000000000000000000000000000000
10000000000000000000000000000000
1000000000000000000000000000000
1000000000000000000000000000000
100000000000000000000000000000
100000000000000000000000000000
10000000000000000000000000000
10000000000000000000000000000
1000000000000000000000000000
1000000000000000000000000000
100000000000000000000000000
100000000000000000000000000
10000000000000000000000000
10000000000000000000000000
1000000000000000000000000
1000000000000000000000000
100000000000000000000000
100000000000000000000000
10000000000000000000000
10000000000000000000000
1000000000000000000000
1000000000000000000000
100000000000000000000
100000000000000000000
10000000000000000000
10000000000000000000
1000000000000000000
1000000000000000000
100000000000000000
100000000000000000
10000000000000000
10000000000000000
1000000000000000
1000000000000000
100000000000000
100000000000000
10000000000000
10000000000000
1000000000000
1000000000000
100000000000
100000000000
10000000000
10000000000
1000000000
1000000000
100000000
100000000
10000000
10000000
1000000
1000000
100000
100000
10000
10000
1000
1000
100
100
10
10
1
1
