# 
n 150
t 111111111111111333333333333333333333333333333333333333333333333333333333333
100000000000000011000000000000000000000000100000001000010000010000000000001
100000000000000000000000100010000000000000000000000001000000000010000010000
10000000000000000000000000000000000000101000000000000000010001000000000001
10000000000000000110000000000100100000010000000000000000000000000001001000
1000000000000000000000000000001000000001000000000000100000000000000000000
1000000000000000100000000001000100000000110000000000000000000000000001000
100000000000000100000000000000001001000010000000000000100000000000000000
100000000000000000100100000000000010000001000000000000001000000000100010
10000000000000000000000000100000000000000100000100000001100000000000000
10000000000001000010010000000000100000001000100000000000000100000000000
1000000000000010000000000000010000000000000000000000010000000100000000
1000000000100000010001000000000000000000000001000000000000001000100000
100000000010000000000000000000000000000101010100100000010100000001000
100000000000000000000000000000000000000000000000000000100000100000000
10000000000000000001000000000001100000000011000000000001000000000001
10000000000000000000000000000100000000000000101000001100000000000000
1000000100000001000000000000010010000010000000001010000000001000110
1000000000000000010001001000000000000000000000000000000001000000000
100000000000000000110000001000000010001000000000000000000000000000
100000000000000010000000010000000000000000010010100000000000010000
10000000000000000000011000000001000000100000000000000001000000100
10000000000000101100100000000000000100010010100100001000000010000
1000000001100000000010000000000000001000000010000000000010000100
1000100000001000110000000000000000010000000000000000010000000000
100000000100000000010000000000000000000001000000000000001000000
100000011000000000000000011000000000100010001000000000000000000
10000000000000001000100000110001000000000000000000100110000000
10000000000000000000000000000000000000000000000010000000100000
1010000000000000000001100000000000000000001000000000010000010
1001001011000000000010000000100010000000000000000010000000000
100000000000000000000000000000000000000000000000000000000000
100000000000000000000000000000000000000000000000000000000000
10000000000000000000000000000000000000000000000000000000000
10000000000000000000000000000000000000000000000000000000000
1000000000000000000000000000000000000000000000000000000000
1000000000000000000000000000000000000000000000000000000000
100000000000000000000000000000000000000000000000000000000
100000000000000000000000000000000000000000000000000000000
10000000000000000000000000000000000000000000000000000000
10000000000000000000000000000000000000000000000000000000
1000000000000000000000000000000000000000000000000000000
1000000000000000000000000000000000000000000000000000000
100000000000000000000000000000000000000000000000000000
100000000000000000000000000000000000000000000000000000
10000000000000000000000000000000000000000000000000000
10000000000000000000000000000000000000000000000000000
1000000000000000000000000000000000000000000000000000
1000000000000000000000000000000000000000000000000000
100000000000000000000000000000000000000000000000000
100000000000000000000000000000000000000000000000000
10000000000000000000000000000000000000000000000000
10000000000000000000000000000000000000000000000000
1000000000000000000000000000000000000000000000000
1000000000000000000000000000000000000000000000000
100000000000000000000000000000000000000000000000
100000000000000000000000000000000000000000000000
10000000000000000000000000000000000000000000000
10000000000000000000000000000000000000000000000
1000000000000000000000000000000000000000000000
1000000000000000000000000000000000000000000000
100000000000000000000000000000000000000000000
100000000000000000000000000000000000000000000
10000000000000000000000000000000000000000000
10000000000000000000000000000000000000000000
1000000000000000000000000000000000000000000
1000000000000000000000000000000000000000000
100000000000000000000000000000000000000000
100000000000000000000000000000000000000000
10000000000000000000000000000000000000000
10000000000000000000000000000000000000000
1000000000000000000000000000000000000000
1000000000000000000000000000000000000000
100000000000000000000000000000000000000
100000000000000000000000000000000000000
10000000000000000000000000000000000000
10000000000000000000000000000000000000
1000000000000000000000000000000000000
1000000000000000000000000000000000000
100000000000000000000000000000000000
100000000000000000000000000000000000
10000000000000000000000000000000000
10000000000000000000000000000000000
1000000000000000000000000000000000
1000000000000000000000000000000000
100000000000000000000000000000000
100000000000000000000000000000000
10000000000000000000000000000000
10000000000000000000000000000000
1000000000000000000000000000000
1000000000000000000000000000000
100000000000000000000000000000
100000000000000000000000000000
10000000000000000000000000000
10000000000000000000000000000
1000000000000000000000000000
1000000000000000000000000000
100000000000000000000000000
100000000000000000000000000
10000000000000000000000000
10000000000000000000000000
1000000000000000000000000
1000000000000000000000000
100000000000000000000000
100000000000000000000000
10000000000000000000000
10000000000000000000000
1000000000000000000000
1000000000000000000000
100000000000000000000
100000000000000000000
10000000000000000000
10000000000000000000
1000000000000000000
1000000000000000000
100000000000000000
100000000000000000
10000000000000000
10000000000000000
1000000000000000
1000000000000000
100000000000000
100000000000000
10000000000000
10000000000000
1000000000000
1000000000000
100000000000
100000000000
10000000000
10000000000
1000000000
1000000000
100000000
100000000
10000000
10000000
1000000
1000000
100000
100000
10000
10000
1000
1000
100
100
10
10
1
1
