# 
n 150
t 111111111111111333333333333333333333333333333333333333333333333333333333333
100000000000000000000001100000000001010001000000000000000010100000000010000
100000000000000000000000000000100000000000000000000000000000000100001001000
10000000000000000000000000100000000000000000000000000000000001000000000000
10000000000000011000101000011001000001010000000000101000000000000100000001
1000000000000000000000000000000100000000000001000000000000100010000000001
1000000000000000000000000000000000000010010010010011100000000000010000000
100000000000000000100000000010000000000000000000000000000000000000000000
100000000000000000000000000000000000000000000000000000000000000000100000
10000000000001100000000000000000000000000000010000001001010001000010000
10000000000000001000010000000000000100000000000000000110000000100101010
1000000000000000010001000000100000000000000000000000001100000110000010
1000000000100000000000100000000100000001100001000000000000000000000100
100000000100010000000000000000000000000000000000010100000000000000000
100000000000000000010000101001000101010000100000000000000100000000010
10000000100000010000001000010000000000000000000000000000000000101100
10000000010001000000000000000000000000000100010001010010000000010000
1000000010000000000100000010001010000100000000000000000000000000000
1000000000000000001000000000000000100000001000000000000000000000000
100000000000000110000000000000000001010000000000000000000000000000
100000000000000000001000000101001000001000000000000001010010000000
10000000010000000000110000000000000000000000000000000000000000000
10000000000000000010000000000000000100000000000000000010001000000
1000000000110000000000000000000000000000000000000000000000000000
1000001000000001000000100000000100000000000110100000000000000000
100000010000100000010000010100000000000100010000000000000000000
100000000000000000000000000000000000000001000000011101000000100
10000100000000000000000000000000000001000000000000000001000000
10000001001000010001000010000001010010000000000000001000000000
1000000000000000000000000000000001100110100000000000000000001
1000100000000000000011100000110000000000001001000000000000000
100000000000000000000000000000000000000000000000000000000000
100000000000000000000000000000000000000000000000000000000000
10000000000000000000000000000000000000000000000000000000000
10000000000000000000000000000000000000000000000000000000000
1000000000000000000000000000000000000000000000000000000000
1000000000000000000000000000000000000000000000000000000000
100000000000000000000000000000000000000000000000000000000
100000000000000000000000000000000000000000000000000000000
10000000000000000000000000000000000000000000000000000000
10000000000000000000000000000000000000000000000000000000
1000000000000000000000000000000000000000000000000000000
1000000000000000000000000000000000000000000000000000000
100000000000000000000000000000000000000000000000000000
100000000000000000000000000000000000000000000000000000
10000000000000000000000000000000000000000000000000000
10000000000000000000000000000000000000000000000000000
1000000000000000000000000000000000000000000000000000
1000000000000000000000000000000000000000000000000000
100000000000000000000000000000000000000000000000000
100000000000000000000000000000000000000000000000000
10000000000000000000000000000000000000000000000000
10000000000000000000000000000000000000000000000000
1000000000000000000000000000000000000000000000000
1000000000000000000000000000000000000000000000000
100000000000000000000000000000000000000000000000
100000000000000000000000000000000000000000000000
10000000000000000000000000000000000000000000000
10000000000000000000000000000000000000000000000
1000000000000000000000000000000000000000000000
1000000000000000000000000000000000000000000000
100000000000000000000000000000000000000000000
100000000000000000000000000000000000000000000
10000000000000000000000000000000000000000000
10000000000000000000000000000000000000000000
1000000000000000000000000000000000000000000
1000000000000000000000000000000000000000000
100000000000000000000000000000000000000000
100000000000000000000000000000000000000000
10000000000000000000000000000000000000000
10000000000000000000000000000000000000000
1000000000000000000000000000000000000000
1000000000000000000000000000000000000000
100000000000000000000000000000000000000
100000000000000000000000000000000000000
10000000000000000000000000000000000000
10000000000000000000000000000000000000
1000000000000000000000000000000000000
1000000000000000000000000000000000000
100000000000000000000000000000000000
100000000000000000000000000000000000
10000000000000000000000000000000000
10000000000000000000000000000000000
1000000000000000000000000000000000
1000000000000000000000000000000000
100000000000000000000000000000000
100000000000000000000000000000000
10000000000000000000000000000000
10000000000000000000000000000000
1000000000000000000000000000000
1000000000000000000000000000000
100000000000000000000000000000
100000000000000000000000000000
10000000000000000000000000000
10000000000000000000000000000
1000000000000000000000000000
1000000000000000000000000000
100000000000000000000000000
100000000000000000000000000
10000000000000000000000000
10000000000000000000000000
1000000000000000000000000
1000000000000000000000000
100000000000000000000000
100000000000000000000000
10000000000000000000000
10000000000000000000000
1000000000000000000000
1000000000000000000000
100000000000000000000
100000000000000000000
10000000000000000000
10000000000000000000
1000000000000000000
1000000000000000000
100000000000000000
100000000000000000
10000000000000000
10000000000000000
1000000000000000
1000000000000000
100000000000000
100000000000000
10000000000000
10000000000000
1000000000000
1000000000000
100000000000
100000000000
10000000000
10000000000
1000000000
1000000000
100000000
100000000
10000000
10000000
1000000
1000000
100000
100000
10000
10000
1000
1000
100
100
10
10
1
1
