# 
n 150
t 111111111111111333333333333333333333333333333333333333333333333333333333333
100000000000000000000000000000001100000000000000010000000101000000000000000
100000000000000101011000000000000010000000000000000000001000000000110000000
10000000000000000000000000011000100000010000001001000000000000000010000000
10000000000000001000010000000000010010000000000000100000000000000000000001
1000000000000000000100000001010000100000000000000000000100000000000000000
1000000000000000000000000000000000000000000000000000000000000010000000000
100000000000000010001000000100000000000100000001000000000000000100110000
100000000000000000000000000000000000000000010000011000000011000000000010
10000000000000100000010000001000100100100110000000000000001000000000000
10000000000000000000000100000000000001000000000100000100010000000100010
1000000000000000000000000000000001010000000100000000010000000000000001
1000000000010000000000000010011000000000000010001001000000001100000100
100000000000000000000000100000001000100000000000000000000000000000000
100000000000000000001000000000000000010000100000000000000100000001000
10000000000000100100000000000000000010000000000000010000000010001100
10000000010000000000000000001010000001000000000000001000000000000000
1000000000000001000100100001000001000000000000000010101100000010000
1000000001001000000000000000000000001001000000000001000000000000000
100000010010000100100010000000000000000000000000000100000000000000
100000000100000000000000000000010000010000001010000000010001000000
10000000100010011000000100000000010000010010010000000000000000000
10000100000000000010000000000000000100000000100000100000000010000
1000000000011100000000000000100000000000000000000000000000001000
1000100000000001000000000000000000000000110010000000000001100000
100000001000000000000000110000000100000000001000000100000000100
100000000000000000001000000000001000000000000000010010000000001
10000000000000001000000001000000000000000100000000000001000000
10000000100000000000000000100000001000000000000000001000000000
1000000000010010000000000000000000001000100000000001000000010
1000000000000000000000000001000000100000000000000000000000000
100000000000000000000000000000000000000000000000000000000000
100000000000000000000000000000000000000000000000000000000000
10000000000000000000000000000000000000000000000000000000000
10000000000000000000000000000000000000000000000000000000000
1000000000000000000000000000000000000000000000000000000000
1000000000000000000000000000000000000000000000000000000000
100000000000000000000000000000000000000000000000000000000
100000000000000000000000000000000000000000000000000000000
10000000000000000000000000000000000000000000000000000000
10000000000000000000000000000000000000000000000000000000
1000000000000000000000000000000000000000000000000000000
1000000000000000000000000000000000000000000000000000000
100000000000000000000000000000000000000000000000000000
100000000000000000000000000000000000000000000000000000
10000000000000000000000000000000000000000000000000000
10000000000000000000000000000000000000000000000000000
1000000000000000000000000000000000000000000000000000
1000000000000000000000000000000000000000000000000000
100000000000000000000000000000000000000000000000000
100000000000000000000000000000000000000000000000000
10000000000000000000000000000000000000000000000000
10000000000000000000000000000000000000000000000000
1000000000000000000000000000000000000000000000000
1000000000000000000000000000000000000000000000000
100000000000000000000000000000000000000000000000
100000000000000000000000000000000000000000000000
10000000000000000000000000000000000000000000000
10000000000000000000000000000000000000000000000
1000000000000000000000000000000000000000000000
1000000000000000000000000000000000000000000000
100000000000000000000000000000000000000000000
100000000000000000000000000000000000000000000
10000000000000000000000000000000000000000000
10000000000000000000000000000000000000000000
1000000000000000000000000000000000000000000
1000000000000000000000000000000000000000000
100000000000000000000000000000000000000000
100000000000000000000000000000000000000000
10000000000000000000000000000000000000000
10000000000000000000000000000000000000000
1000000000000000000000000000000000000000
1000000000000000000000000000000000000000
100000000000000000000000000000000000000
100000000000000000000000000000000000000
10000000000000000000000000000000000000
10000000000000000000000000000000000000
1000000000000000000000000000000000000
1000000000000000000000000000000000000
100000000000000000000000000000000000
100000000000000000000000000000000000
10000000000000000000000000000000000
10000000000000000000000000000000000
1000000000000000000000000000000000
1000000000000000000000000000000000
100000000000000000000000000000000
100000000000000000000000000000000
10000000000000000000000000000000
10000000000000000000000000000000
1000000000000000000000000000000
1000000000000000000000000000000
100000000000000000000000000000
100000000000000000000000000000
10000000000000000000000000000
10000000000000000000000000000
1000000000000000000000000000
1000000000000000000000000000
100000000000000000000000000
100000000000000000000000000
10000000000000000000000000
10000000000000000000000000
1000000000000000000000000
1000000000000000000000000
100000000000000000000000
100000000000000000000000
10000000000000000000000
10000000000000000000000
1000000000000000000000
1000000000000000000000
100000000000000000000
100000000000000000000
10000000000000000000
10000000000000000000
1000000000000000000
1000000000000000000
100000000000000000
100000000000000000
10000000000000000
10000000000000000
1000000000000000
1000000000000000
100000000000000
100000000000000
10000000000000
10000000000000
1000000000000
1000000000000
100000000000
100000000000
10000000000
10000000000
1000000000
1000000000
100000000
100000000
10000000
10000000
1000000
1000000
100000
100000
10000
10000
1000
1000
100
100
10
10
1
1
