# 
n 150
t 111111111111111333333333333333333333333333333333333333333333333333333333333
100000000000000000000000000000000000000010100010001000101000010001000000000
100000000000000100000000011000000001001001000001000010000100000000000000000
10000000000000000000000000000000000000000000000000000000000000000000010000
10000000000000000000000011000000010100000000000100000000000000100001000000
1000000000000000000000000000000010000000000000100001000000000000100001000
1000000000000000000000000000000000000000000010000000000000000000010100000
100000000000000100010000000001000000000001000000000101001000000010000000
100000000000000001000000000000000010000000100000010000100010100000001000
10000000000100010000000100000000000000000000000000000000000010100000001
10000000000000000000000000000001000100000000000000000000000000000010100
1000000000000010011000000000000000000010000000100000010000000000000011
1000000000010000000000000000000000001000000000000001000101000000000000
100000000000000000010000001000100010000000000000000010000000000010100
100000000001100100100100010100000000000100000000000000000000000000000
10000000110000000100000000000000000000000000000000100000000000000000
10000000000000001000000000000001000010000100100010000000010000000001
1000000000000000000000100000111000000000000000010000001000000000100
1000000000000000000011001000000000100000000100100000000000000000000
100000001000000000000010000000000000001010011000000000010000000000
100000000000001000000100100000001000010001000000000000000001000000
10000000000000100000000000000000000000000000000000100000001000000
10000000000000000001000001000000000000000000000000000001000100010
1000000000100000000000000000000000000010000000000000000000000010
1000000000000000000000000000000000000000000000000010001010000000
100001001000000001000010000000001100000000000000101000000000000
100000000110000100010000000100000000010000000001000000000000000
10000100000000000100000000100000000000001000010000000000001000
10000000000000010000100000010100000000000000000000100000100000
1010001000000010000000010000010000000000000000000000000000000
1000010000001000000000000000001001001000010001000000100000000
100000000000000000000000000000000000000000000000000000000000
100000000000000000000000000000000000000000000000000000000000
10000000000000000000000000000000000000000000000000000000000
10000000000000000000000000000000000000000000000000000000000
1000000000000000000000000000000000000000000000000000000000
1000000000000000000000000000000000000000000000000000000000
100000000000000000000000000000000000000000000000000000000
100000000000000000000000000000000000000000000000000000000
10000000000000000000000000000000000000000000000000000000
10000000000000000000000000000000000000000000000000000000
1000000000000000000000000000000000000000000000000000000
1000000000000000000000000000000000000000000000000000000
100000000000000000000000000000000000000000000000000000
100000000000000000000000000000000000000000000000000000
10000000000000000000000000000000000000000000000000000
10000000000000000000000000000000000000000000000000000
1000000000000000000000000000000000000000000000000000
1000000000000000000000000000000000000000000000000000
100000000000000000000000000000000000000000000000000
100000000000000000000000000000000000000000000000000
10000000000000000000000000000000000000000000000000
10000000000000000000000000000000000000000000000000
1000000000000000000000000000000000000000000000000
1000000000000000000000000000000000000000000000000
100000000000000000000000000000000000000000000000
100000000000000000000000000000000000000000000000
10000000000000000000000000000000000000000000000
10000000000000000000000000000000000000000000000
1000000000000000000000000000000000000000000000
1000000000000000000000000000000000000000000000
100000000000000000000000000000000000000000000
100000000000000000000000000000000000000000000
10000000000000000000000000000000000000000000
10000000000000000000000000000000000000000000
1000000000000000000000000000000000000000000
1000000000000000000000000000000000000000000
100000000000000000000000000000000000000000
100000000000000000000000000000000000000000
10000000000000000000000000000000000000000
10000000000000000000000000000000000000000
1000000000000000000000000000000000000000
1000000000000000000000000000000000000000
100000000000000000000000000000000000000
100000000000000000000000000000000000000
10000000000000000000000000000000000000
10000000000000000000000000000000000000
1000000000000000000000000000000000000
1000000000000000000000000000000000000
100000000000000000000000000000000000
100000000000000000000000000000000000
10000000000000000000000000000000000
10000000000000000000000000000000000
1000000000000000000000000000000000
1000000000000000000000000000000000
100000000000000000000000000000000
100000000000000000000000000000000
10000000000000000000000000000000
10000000000000000000000000000000
1000000000000000000000000000000
1000000000000000000000000000000
100000000000000000000000000000
100000000000000000000000000000
10000000000000000000000000000
10000000000000000000000000000
1000000000000000000000000000
1000000000000000000000000000
100000000000000000000000000
100000000000000000000000000
10000000000000000000000000
10000000000000000000000000
1000000000000000000000000
1000000000000000000000000
100000000000000000000000
100000000000000000000000
10000000000000000000000
10000000000000000000000
1000000000000000000000
1000000000000000000000
100000000000000000000
100000000000000000000
10000000000000000000
10000000000000000000
1000000000000000000
1000000000000000000
100000000000000000
100000000000000000
10000000000000000
10000000000000000
1000000000000000
1000000000000000
100000000000000
100000000000000
10000000000000
10000000000000
1000000000000
1000000000000
100000000000
100000000000
10000000000
10000000000
1000000000
1000000000
100000000
100000000
10000000
10000000
1000000
1000000
100000
100000
10000
10000
1000
1000
100
100
10
10
1
1
