# 
n 150
t 111111111111111333333333333333333333333333333333333333333333333333333333333
100000000000000000000100000000000000000000101000100000000001000000000000000
100000000000000000010000010010101000100000000010000000000000000000000001000
10000000000000100100100000000000010000000010010000000000000000101000000000
10000000000000000000000000000000101000000000000000100000000000000011000010
1000000000000010000000000000000000010000000000010000010100001000000010000
1000000000000000000000010100000000000000000001000000000000000000000100000
100000000000000000011100000100000000000000000100000001000000010100000010
100000000000101001000000000000000100000000000000000000000000001000100000
10000000000000000001100000000000000000101000000000000100000000010000000
10000000000000100100001000000110000000000000001100000000010000000000000
1000000000000000000001011000000000000000000000000000000000000000010000
1000000000000000000000000100000010000010000001010000000100000000000000
100000000000000000100000000010001000000000000000000000000000010000100
100000000010000000000000010000000001000000000000100000100000000000000
10000000000010000000000000000100000101000000000000001000000000000000
10000000000000000000001000000000100000000000010000000000100101000000
1000000000011000010100000000000100000010010000000000100000000000000
1000000000000000001000000000000000000000000010101000001001000000000
100000000100000000000010001000000000100000000000000000000000001000
100000000000000000100000000000100000001000000000000001010100000000
10000000000000000000000000000000000100010001010000000000000000010
10000000000000000000001000000001000000000000000000010100000000101
1000000000000000010010000001000000100000001000010000000001100000
1000000000000000000000000000010010000000000000000010000000000000
100001000011000001000001000010000000000100000000000010000000000
100010000000000000000100001000000000000000011110000000000000000
10000001000000000001000010000000001101000000000000000000011001
10000000000000000000000000000000000000001000000000000000000000
1101000000000000000000000000000000000000000000000000000000100
1000000010000000000000000011000000000000100011000000000000001
100000000000000000000000000000000000000000000000000000000000
100000000000000000000000000000000000000000000000000000000000
10000000000000000000000000000000000000000000000000000000000
10000000000000000000000000000000000000000000000000000000000
1000000000000000000000000000000000000000000000000000000000
1000000000000000000000000000000000000000000000000000000000
100000000000000000000000000000000000000000000000000000000
100000000000000000000000000000000000000000000000000000000
10000000000000000000000000000000000000000000000000000000
10000000000000000000000000000000000000000000000000000000
1000000000000000000000000000000000000000000000000000000
1000000000000000000000000000000000000000000000000000000
100000000000000000000000000000000000000000000000000000
100000000000000000000000000000000000000000000000000000
10000000000000000000000000000000000000000000000000000
10000000000000000000000000000000000000000000000000000
1000000000000000000000000000000000000000000000000000
1000000000000000000000000000000000000000000000000000
100000000000000000000000000000000000000000000000000
100000000000000000000000000000000000000000000000000
10000000000000000000000000000000000000000000000000
10000000000000000000000000000000000000000000000000
1000000000000000000000000000000000000000000000000
1000000000000000000000000000000000000000000000000
100000000000000000000000000000000000000000000000
100000000000000000000000000000000000000000000000
10000000000000000000000000000000000000000000000
10000000000000000000000000000000000000000000000
1000000000000000000000000000000000000000000000
1000000000000000000000000000000000000000000000
100000000000000000000000000000000000000000000
100000000000000000000000000000000000000000000
10000000000000000000000000000000000000000000
10000000000000000000000000000000000000000000
1000000000000000000000000000000000000000000
1000000000000000000000000000000000000000000
100000000000000000000000000000000000000000
100000000000000000000000000000000000000000
10000000000000000000000000000000000000000
10000000000000000000000000000000000000000
1000000000000000000000000000000000000000
1000000000000000000000000000000000000000
100000000000000000000000000000000000000
100000000000000000000000000000000000000
10000000000000000000000000000000000000
10000000000000000000000000000000000000
1000000000000000000000000000000000000
1000000000000000000000000000000000000
100000000000000000000000000000000000
100000000000000000000000000000000000
10000000000000000000000000000000000
10000000000000000000000000000000000
1000000000000000000000000000000000
1000000000000000000000000000000000
100000000000000000000000000000000
100000000000000000000000000000000
10000000000000000000000000000000
10000000000000000000000000000000
1000000000000000000000000000000
1000000000000000000000000000000
100000000000000000000000000000
100000000000000000000000000000
10000000000000000000000000000
10000000000000000000000000000
1000000000000000000000000000
1000000000000000000000000000
100000000000000000000000000
100000000000000000000000000
10000000000000000000000000
10000000000000000000000000
1000000000000000000000000
1000000000000000000000000
100000000000000000000000
100000000000000000000000
10000000000000000000000
10000000000000000000000
1000000000000000000000
1000000000000000000000
100000000000000000000
100000000000000000000
10000000000000000000
10000000000000000000
1000000000000000000
1000000000000000000
100000000000000000
100000000000000000
10000000000000000
10000000000000000
1000000000000000
1000000000000000
100000000000000
100000000000000
10000000000000
10000000000000
1000000000000
1000000000000
100000000000
100000000000
10000000000
10000000000
1000000000
1000000000
100000000
100000000
10000000
10000000
1000000
1000000
100000
100000
10000
10000
1000
1000
100
100
10
10
1
1
