# 
n 150
t 111111111111111333333333333333333333333333333333333333333333333333333333333
100000000000000000001000000000000100000100000100000000010000000010000000000
100000000000000000000100000000000000010000101000000000000000000000100000000
10000000000000000000000000000000010100000001000100000000000000100000000001
10000000000000000000000110001000100000000000001000011000000000000000000000
1000000000000000000000000000000000000000000000000000100000000000101000000
1000000000000000000000000010000000000000010000010000000000000000000000000
100000000000100001000000000000000000000011000000010101000001000010000001
100000000000000000001000000010000001000100000000000000010100000000000000
10000000000000000000000000000001000001000010000000000000001000010000000
10000000000000000000000000001000000000000000000000000100000000000000000
1000000000000000000000001000000000000000010000000000001010000000001010
1000000000000000100100000000000100000000000000000011000100011010100000
100000000000000100000000000000000000010010000000000000000000000000000
100000000001010000000100001000000100000000100100000010000000000000001
10000000100000000000000100000000000000000000000100000000001000000000
10000000001010000000000000010000000000000000101000000000000001000100
1000000001000000001000000000000100000000000000000000000000000000010
1000000010000010000100000000010010000000010000000000000010000010000
100000000110000001000011000000000000001000000010000001000000100000
100000000000000000000000000010000000000000010000000000000000011000
10000000001000000010100010001000000001010000000010000100000000000
10000000000001000100000000000000000000101000000000000000000101000
1000000000000001000010000000010000100000000000101000000100000000
1000010100000000000000001000000000000000000000000010000000000000
100100000000010000000000000001000100000000000000010100000000000
100000000000000010000000000000000000001000000100100000000000110
10000000010000000100100101000100000001000001001000000000000000
10010000000000001000000000000000000000000000000000000000000000
1000000001000000000001000000000000000100000000000000001000000
1000100010110000000000000011000000000001000000000001000010100
100000000000000000000000000000000000000000000000000000000000
100000000000000000000000000000000000000000000000000000000000
10000000000000000000000000000000000000000000000000000000000
10000000000000000000000000000000000000000000000000000000000
1000000000000000000000000000000000000000000000000000000000
1000000000000000000000000000000000000000000000000000000000
100000000000000000000000000000000000000000000000000000000
100000000000000000000000000000000000000000000000000000000
10000000000000000000000000000000000000000000000000000000
10000000000000000000000000000000000000000000000000000000
1000000000000000000000000000000000000000000000000000000
1000000000000000000000000000000000000000000000000000000
100000000000000000000000000000000000000000000000000000
100000000000000000000000000000000000000000000000000000
10000000000000000000000000000000000000000000000000000
10000000000000000000000000000000000000000000000000000
1000000000000000000000000000000000000000000000000000
1000000000000000000000000000000000000000000000000000
100000000000000000000000000000000000000000000000000
100000000000000000000000000000000000000000000000000
10000000000000000000000000000000000000000000000000
10000000000000000000000000000000000000000000000000
1000000000000000000000000000000000000000000000000
1000000000000000000000000000000000000000000000000
100000000000000000000000000000000000000000000000
100000000000000000000000000000000000000000000000
10000000000000000000000000000000000000000000000
10000000000000000000000000000000000000000000000
1000000000000000000000000000000000000000000000
1000000000000000000000000000000000000000000000
100000000000000000000000000000000000000000000
100000000000000000000000000000000000000000000
10000000000000000000000000000000000000000000
10000000000000000000000000000000000000000000
1000000000000000000000000000000000000000000
1000000000000000000000000000000000000000000
100000000000000000000000000000000000000000
100000000000000000000000000000000000000000
10000000000000000000000000000000000000000
10000000000000000000000000000000000000000
1000000000000000000000000000000000000000
1000000000000000000000000000000000000000
100000000000000000000000000000000000000
100000000000000000000000000000000000000
10000000000000000000000000000000000000
10000000000000000000000000000000000000
1000000000000000000000000000000000000
1000000000000000000000000000000000000
100000000000000000000000000000000000
100000000000000000000000000000000000
10000000000000000000000000000000000
10000000000000000000000000000000000
1000000000000000000000000000000000
1000000000000000000000000000000000
100000000000000000000000000000000
100000000000000000000000000000000
10000000000000000000000000000000
10000000000000000000000000000000
1000000000000000000000000000000
1000000000000000000000000000000
100000000000000000000000000000
100000000000000000000000000000
10000000000000000000000000000
10000000000000000000000000000
1000000000000000000000000000
1000000000000000000000000000
100000000000000000000000000
100000000000000000000000000
10000000000000000000000000
10000000000000000000000000
1000000000000000000000000
1000000000000000000000000
100000000000000000000000
100000000000000000000000
10000000000000000000000
10000000000000000000000
1000000000000000000000
1000000000000000000000
100000000000000000000
100000000000000000000
10000000000000000000
10000000000000000000
1000000000000000000
1000000000000000000
100000000000000000
100000000000000000
10000000000000000
10000000000000000
1000000000000000
1000000000000000
100000000000000
100000000000000
10000000000000
10000000000000
1000000000000
1000000000000
100000000000
100000000000
10000000000
10000000000
1000000000
1000000000
100000000
100000000
10000000
10000000
1000000
1000000
100000
100000
10000
10000
1000
1000
100
100
10
10
1
1
