# 
n 150
t 111111111111111333333333333333333333333333333333333333333333333333333333333
100000000000000000000000010100000000001000000100000000001000000010000100000
100000000000000000001000000000000000000000000010000000000000000000000000000
10000000000000100010000000000000000000000000011000000000000000000000000000
10000000000000000000010001000010000000000000000000000000000000000001010001
1000000000000000000010000000000000000010001000100000000100000100000000000
1000000000000000000000000000010000000100000001001001000000000000000000100
100000000000000001000001010000000001000000000000010001000000000010000000
100000000000000000000000000000000000000000000000000010001001001001100000
10000000000001000000000000001000000100001000000000000000111100010000000
10000000000000010000010100000110010000110000000000000000000000100000000
1000000000000000000000000000000000000000000100000010000000000000000000
1000000000000000001100000000000000000000000000011000000000000000011000
100000000000000000100000001001000000000000000000001100000100000000000
100000000010000000000000000000000001010000000100100000001001010000000
10000000000100000000001000000000000000000000000000000110000000000010
10000000000000000010000000110000000000000001000100000000000000000000
1000000001000000000000000000000000000000010000000100000000000000000
1000000000000100000011000000000000100100000100000010000000000000000
100000000000001000000010011010001000000010000000010000000000000001
100000000000000100000100000000000100010000100000000100011000100000
10000111000100000000000000001010000000101001000000000000000000010
10000000100000000000000000100001010000000000000000000000001000001
1000000100000000010000000000000000000000000010000000000000000000
1000000000000001000100000000100000001000000000000000000100001000
100000000000000000000000100000000000000000000001010000000000100
100000000111000000100100010000000000000000000000000000100001010
10010001000000100001001000010000000010000000000000010000000000
10000010000000000000000100000000000000000100000000000000000000
1100000000000000000000000000000000000000000011000000000000000
1000000000000001000000000000001100000010000000000000000010100
100000000000000000000000000000000000000000000000000000000000
100000000000000000000000000000000000000000000000000000000000
10000000000000000000000000000000000000000000000000000000000
10000000000000000000000000000000000000000000000000000000000
1000000000000000000000000000000000000000000000000000000000
1000000000000000000000000000000000000000000000000000000000
100000000000000000000000000000000000000000000000000000000
100000000000000000000000000000000000000000000000000000000
10000000000000000000000000000000000000000000000000000000
10000000000000000000000000000000000000000000000000000000
1000000000000000000000000000000000000000000000000000000
1000000000000000000000000000000000000000000000000000000
100000000000000000000000000000000000000000000000000000
100000000000000000000000000000000000000000000000000000
10000000000000000000000000000000000000000000000000000
10000000000000000000000000000000000000000000000000000
1000000000000000000000000000000000000000000000000000
1000000000000000000000000000000000000000000000000000
100000000000000000000000000000000000000000000000000
100000000000000000000000000000000000000000000000000
10000000000000000000000000000000000000000000000000
10000000000000000000000000000000000000000000000000
1000000000000000000000000000000000000000000000000
1000000000000000000000000000000000000000000000000
100000000000000000000000000000000000000000000000
100000000000000000000000000000000000000000000000
10000000000000000000000000000000000000000000000
10000000000000000000000000000000000000000000000
1000000000000000000000000000000000000000000000
1000000000000000000000000000000000000000000000
100000000000000000000000000000000000000000000
100000000000000000000000000000000000000000000
10000000000000000000000000000000000000000000
10000000000000000000000000000000000000000000
1000000000000000000000000000000000000000000
1000000000000000000000000000000000000000000
100000000000000000000000000000000000000000
100000000000000000000000000000000000000000
10000000000000000000000000000000000000000
10000000000000000000000000000000000000000
1000000000000000000000000000000000000000
1000000000000000000000000000000000000000
100000000000000000000000000000000000000
100000000000000000000000000000000000000
10000000000000000000000000000000000000
10000000000000000000000000000000000000
1000000000000000000000000000000000000
1000000000000000000000000000000000000
100000000000000000000000000000000000
100000000000000000000000000000000000
10000000000000000000000000000000000
10000000000000000000000000000000000
1000000000000000000000000000000000
1000000000000000000000000000000000
100000000000000000000000000000000
100000000000000000000000000000000
10000000000000000000000000000000
10000000000000000000000000000000
1000000000000000000000000000000
1000000000000000000000000000000
100000000000000000000000000000
100000000000000000000000000000
10000000000000000000000000000
10000000000000000000000000000
1000000000000000000000000000
1000000000000000000000000000
100000000000000000000000000
100000000000000000000000000
10000000000000000000000000
10000000000000000000000000
1000000000000000000000000
1000000000000000000000000
100000000000000000000000
100000000000000000000000
10000000000000000000000
10000000000000000000000
1000000000000000000000
1000000000000000000000
100000000000000000000
100000000000000000000
10000000000000000000
10000000000000000000
1000000000000000000
1000000000000000000
100000000000000000
100000000000000000
10000000000000000
10000000000000000
1000000000000000
1000000000000000
100000000000000
100000000000000
10000000000000
10000000000000
1000000000000
1000000000000
100000000000
100000000000
10000000000
10000000000
1000000000
1000000000
100000000
100000000
10000000
10000000
1000000
1000000
100000
100000
10000
10000
1000
1000
100
100
10
10
1
1
