# 
n 150
t 111111111111111333333333333333333333333333333333333333333333333333333333333
100000000000000000001000000110000000000100000000000001000000000000000000000
100000000000000000010000000000000010100000000000001000010000000010110000000
10000000000000000000010000000000000010001000000000000000000000000000000000
10000000000000000000001000000000000000000100010000010001000000001000000000
1000000000000001000000101000000000000010000110000000000000000000000000100
1000000000000000000001000000000000000000100001000010100000001000000000000
100000000000000000000000000000000000000010000000000001000000000001000000
100000000000001000000000000000001010000000000000001110101000000000100000
10000000000000000000000000001000000000000000001100000000111000000000100
10000000000000000001010000100000001000100001000000000000000000100000001
1000000000000000000000000000000001000000000000000000000000110000000010
1000000000010000000000010001000000101000000000100000001000000001000000
100000000010000000000000000000000000000000000000000010000010000001100
100000000100000000000101010000100000000000000000000000000000010000000
10000000100000000000000100001010000010000010000000000000000000010010
10000000000001100010000000010000100000000100000000000100000000100000
1000000000000000100000000000000010000000000001000000100000000001010
1000000000010000000000000010000000001000000000000100000100101110000
100000000000110001000000000000000000001000000000001000000000000000
100000010000000000000000000000010000000000100000000000001000000000
10000000000000000000000000000000000100000010100000000000000000001
10000000010010000000010100000000000000001000000110000000000011000
1000000000100000100001000000000001000010000000000000000000000000
1000001101000101000000100000000000000100000000000000100000000000
100000100000000010010101000000000000000000000000001000010000000
100000000000000001000000100000000100000000010010000000000000000
10000000000000000100000000001000010100000000000000001000000000
10000000000010001000000001000011000010000000000010000000000001
1000100000000000000000000000000000000000001000010000000000000
1100000000000000000000000000000000000000000000000000000000000
100000000000000000000000000000000000000000000000000000000000
100000000000000000000000000000000000000000000000000000000000
10000000000000000000000000000000000000000000000000000000000
10000000000000000000000000000000000000000000000000000000000
1000000000000000000000000000000000000000000000000000000000
1000000000000000000000000000000000000000000000000000000000
100000000000000000000000000000000000000000000000000000000
100000000000000000000000000000000000000000000000000000000
10000000000000000000000000000000000000000000000000000000
10000000000000000000000000000000000000000000000000000000
1000000000000000000000000000000000000000000000000000000
1000000000000000000000000000000000000000000000000000000
100000000000000000000000000000000000000000000000000000
100000000000000000000000000000000000000000000000000000
10000000000000000000000000000000000000000000000000000
10000000000000000000000000000000000000000000000000000
1000000000000000000000000000000000000000000000000000
1000000000000000000000000000000000000000000000000000
100000000000000000000000000000000000000000000000000
100000000000000000000000000000000000000000000000000
10000000000000000000000000000000000000000000000000
10000000000000000000000000000000000000000000000000
1000000000000000000000000000000000000000000000000
1000000000000000000000000000000000000000000000000
100000000000000000000000000000000000000000000000
100000000000000000000000000000000000000000000000
10000000000000000000000000000000000000000000000
10000000000000000000000000000000000000000000000
1000000000000000000000000000000000000000000000
1000000000000000000000000000000000000000000000
100000000000000000000000000000000000000000000
100000000000000000000000000000000000000000000
10000000000000000000000000000000000000000000
10000000000000000000000000000000000000000000
1000000000000000000000000000000000000000000
1000000000000000000000000000000000000000000
100000000000000000000000000000000000000000
100000000000000000000000000000000000000000
10000000000000000000000000000000000000000
10000000000000000000000000000000000000000
1000000000000000000000000000000000000000
1000000000000000000000000000000000000000
100000000000000000000000000000000000000
100000000000000000000000000000000000000
10000000000000000000000000000000000000
10000000000000000000000000000000000000
1000000000000000000000000000000000000
1000000000000000000000000000000000000
100000000000000000000000000000000000
100000000000000000000000000000000000
10000000000000000000000000000000000
10000000000000000000000000000000000
1000000000000000000000000000000000
1000000000000000000000000000000000
100000000000000000000000000000000
100000000000000000000000000000000
10000000000000000000000000000000
10000000000000000000000000000000
1000000000000000000000000000000
1000000000000000000000000000000
100000000000000000000000000000
100000000000000000000000000000
10000000000000000000000000000
10000000000000000000000000000
1000000000000000000000000000
1000000000000000000000000000
100000000000000000000000000
100000000000000000000000000
10000000000000000000000000
10000000000000000000000000
1000000000000000000000000
1000000000000000000000000
100000000000000000000000
100000000000000000000000
10000000000000000000000
10000000000000000000000
1000000000000000000000
1000000000000000000000
100000000000000000000
100000000000000000000
10000000000000000000
10000000000000000000
1000000000000000000
1000000000000000000
100000000000000000
100000000000000000
10000000000000000
10000000000000000
1000000000000000
1000000000000000
100000000000000
100000000000000
10000000000000
10000000000000
1000000000000
1000000000000
100000000000
100000000000
10000000000
10000000000
1000000000
1000000000
100000000
100000000
10000000
10000000
1000000
1000000
100000
100000
10000
10000
1000
1000
100
100
10
10
1
1
