# 
n 150
t 111111111111111333333333333333333333333333333333333333333333333333333333333
100000000000000000000000100000000000000011000000000000000010000000000000000
100000000000000000000100000000010100010000100000100100000000100110000010000
10000000000000000001000001000000000000000000000000000000000000000000000000
10000000000000100000000000000110000100000101000110110000000000000000000000
1000000000000000001000000000000000000000000000000000000000000100000000000
1000000000000100000000010000010100000000000000010000001000000000000000000
100000000000000100000001000000000000000000000000000000000000001000000000
100000000000001000000000000000000000000000000000000000000000000000010000
10000000000010000000100000000001000000001000000000000000100000000000001
10000000000000000110000000000000000011000000000000110001010000000000000
1000000000000000000000011000010000010000000000000000000000000000000000
1000000000001000011010000101000000000001000001000011010000000000101100
100000000000000000000000000000000000010101001000000000100000000000000
100000000000000000000110000010101000000010000001000101000000000000000
10000000000000010000000100000010000000000100000000000000000000000000
10000000100000000001000000000000100000000001000000010000000000100001
1000000000111101000000000000001000000000000000000100000000000000001
1000000000000000000000000000000000000000000010000000010100101000110
100000000000000000000000000000000000000000000000000000001000000010
100000000000000010100001000110000000100000100000000000000011010000
10000010000000000000000000000000100000010000000000001010000000010
10000000000000100000000000000000010001000000000100000000000001000
1000010000001000001000000000000000000000001000000011000010001000
1000000000000000010000101000000010011000000000000000000000000000
100000000000000000000000000000000100000001010000000000000000000
100000000000000000000001000000000000000000001000000000000100000
10000010000000000000000000000000000000000000000000011011000000
10000100000000100001000001100000000000010100001001000100000000
1001000000000000000000000001000000000000100000000000000000100
1000010000000001000010000100000010000000000000000000100000000
100000000000000000000000000000000000000000000000000000000000
100000000000000000000000000000000000000000000000000000000000
10000000000000000000000000000000000000000000000000000000000
10000000000000000000000000000000000000000000000000000000000
1000000000000000000000000000000000000000000000000000000000
1000000000000000000000000000000000000000000000000000000000
100000000000000000000000000000000000000000000000000000000
100000000000000000000000000000000000000000000000000000000
10000000000000000000000000000000000000000000000000000000
10000000000000000000000000000000000000000000000000000000
1000000000000000000000000000000000000000000000000000000
1000000000000000000000000000000000000000000000000000000
100000000000000000000000000000000000000000000000000000
100000000000000000000000000000000000000000000000000000
10000000000000000000000000000000000000000000000000000
10000000000000000000000000000000000000000000000000000
1000000000000000000000000000000000000000000000000000
1000000000000000000000000000000000000000000000000000
100000000000000000000000000000000000000000000000000
100000000000000000000000000000000000000000000000000
10000000000000000000000000000000000000000000000000
10000000000000000000000000000000000000000000000000
1000000000000000000000000000000000000000000000000
1000000000000000000000000000000000000000000000000
100000000000000000000000000000000000000000000000
100000000000000000000000000000000000000000000000
10000000000000000000000000000000000000000000000
10000000000000000000000000000000000000000000000
1000000000000000000000000000000000000000000000
1000000000000000000000000000000000000000000000
100000000000000000000000000000000000000000000
100000000000000000000000000000000000000000000
10000000000000000000000000000000000000000000
10000000000000000000000000000000000000000000
1000000000000000000000000000000000000000000
1000000000000000000000000000000000000000000
100000000000000000000000000000000000000000
100000000000000000000000000000000000000000
10000000000000000000000000000000000000000
10000000000000000000000000000000000000000
1000000000000000000000000000000000000000
1000000000000000000000000000000000000000
100000000000000000000000000000000000000
100000000000000000000000000000000000000
10000000000000000000000000000000000000
10000000000000000000000000000000000000
1000000000000000000000000000000000000
1000000000000000000000000000000000000
100000000000000000000000000000000000
100000000000000000000000000000000000
10000000000000000000000000000000000
10000000000000000000000000000000000
1000000000000000000000000000000000
1000000000000000000000000000000000
100000000000000000000000000000000
100000000000000000000000000000000
10000000000000000000000000000000
10000000000000000000000000000000
1000000000000000000000000000000
1000000000000000000000000000000
100000000000000000000000000000
100000000000000000000000000000
10000000000000000000000000000
10000000000000000000000000000
1000000000000000000000000000
1000000000000000000000000000
100000000000000000000000000
100000000000000000000000000
10000000000000000000000000
10000000000000000000000000
1000000000000000000000000
1000000000000000000000000
100000000000000000000000
100000000000000000000000
10000000000000000000000
10000000000000000000000
1000000000000000000000
1000000000000000000000
100000000000000000000
100000000000000000000
10000000000000000000
10000000000000000000
1000000000000000000
1000000000000000000
100000000000000000
100000000000000000
10000000000000000
10000000000000000
1000000000000000
1000000000000000
100000000000000
100000000000000
10000000000000
10000000000000
1000000000000
1000000000000
100000000000
100000000000
10000000000
10000000000
1000000000
1000000000
100000000
100000000
10000000
10000000
1000000
1000000
100000
100000
10000
10000
1000
1000
100
100
10
10
1
1
