# 
n 150
t 111111111111111333333333333333333333333333333333333333333333333333333333333
100000000000000000000100000000001000000100000000001000100000100000000100000
100000000000000000000001000000000100000000110001010000000000000000100000000
10000000000000100000001000000000011000011000000000000000000000000000000000
10000000000000010000000100000000000100000000000000000000000000001000110000
1000000000000001000000000100001000100100001110000000000000000000000000010
1000000000000010001000010000000000001000000000001000100100000000001000001
100000000000000000000001000000000000000000000000001000000010100110000000
100000000000001000110100001000000000000000000100000000100001000000000010
10000000000000000000011000000000000000000010000000000000000000000000000
10000000000000100000000100000000000000000000000000000100000000000000000
1000000000000100000010000011000000000000000000000000010100000100000000
1000000000000000010000000100000000000101000000101001000000100000000000
100000000000000000000000100010000010100000000010000001001010000000000
100000000100010000000011010000000000000000000000000000000000000001000
10000000000000000000000000000000001000000000000000000000000000000000
10000000000000000000000000000000000000000100000000000010000001010000
1000000010001000000000010100000000000000000000000000000100000000000
1000000000000000000000000000000000000011000100100010001000001000000
100000000000000100011000000000000010000000001000000000000000001000
100000000000000000000000001010010000101000000010010000000000000000
10000100000000001000000000001000000000000010001001000001000100100
10000000000000000000000000000101000000000000000000000000010000001
1000000000000000000000010001000000000000000010000000000000010000
1000000000100000000000000000000001000010000000000000010000000000
100000100010000000100001000000000100001000000000010000000000000
100000010000000000000000000000000000000000000000100000000001100
10000000000000000000000110000000000010010001000000000010000000
10000001001000010000000000000010000000100000001000011000000000
1001010000000000000000010000000000100000010000000000000000110
1000000000000100000100000000000000000000000000000000000000001
100000000000000000000000000000000000000000000000000000000000
100000000000000000000000000000000000000000000000000000000000
10000000000000000000000000000000000000000000000000000000000
10000000000000000000000000000000000000000000000000000000000
1000000000000000000000000000000000000000000000000000000000
1000000000000000000000000000000000000000000000000000000000
100000000000000000000000000000000000000000000000000000000
100000000000000000000000000000000000000000000000000000000
10000000000000000000000000000000000000000000000000000000
10000000000000000000000000000000000000000000000000000000
1000000000000000000000000000000000000000000000000000000
1000000000000000000000000000000000000000000000000000000
100000000000000000000000000000000000000000000000000000
100000000000000000000000000000000000000000000000000000
10000000000000000000000000000000000000000000000000000
10000000000000000000000000000000000000000000000000000
1000000000000000000000000000000000000000000000000000
1000000000000000000000000000000000000000000000000000
100000000000000000000000000000000000000000000000000
100000000000000000000000000000000000000000000000000
10000000000000000000000000000000000000000000000000
10000000000000000000000000000000000000000000000000
1000000000000000000000000000000000000000000000000
1000000000000000000000000000000000000000000000000
100000000000000000000000000000000000000000000000
100000000000000000000000000000000000000000000000
10000000000000000000000000000000000000000000000
10000000000000000000000000000000000000000000000
1000000000000000000000000000000000000000000000
1000000000000000000000000000000000000000000000
100000000000000000000000000000000000000000000
100000000000000000000000000000000000000000000
10000000000000000000000000000000000000000000
10000000000000000000000000000000000000000000
1000000000000000000000000000000000000000000
1000000000000000000000000000000000000000000
100000000000000000000000000000000000000000
100000000000000000000000000000000000000000
10000000000000000000000000000000000000000
10000000000000000000000000000000000000000
1000000000000000000000000000000000000000
1000000000000000000000000000000000000000
100000000000000000000000000000000000000
100000000000000000000000000000000000000
10000000000000000000000000000000000000
10000000000000000000000000000000000000
1000000000000000000000000000000000000
1000000000000000000000000000000000000
100000000000000000000000000000000000
100000000000000000000000000000000000
10000000000000000000000000000000000
10000000000000000000000000000000000
1000000000000000000000000000000000
1000000000000000000000000000000000
100000000000000000000000000000000
100000000000000000000000000000000
10000000000000000000000000000000
10000000000000000000000000000000
1000000000000000000000000000000
1000000000000000000000000000000
100000000000000000000000000000
100000000000000000000000000000
10000000000000000000000000000
10000000000000000000000000000
1000000000000000000000000000
1000000000000000000000000000
100000000000000000000000000
100000000000000000000000000
10000000000000000000000000
10000000000000000000000000
1000000000000000000000000
1000000000000000000000000
100000000000000000000000
100000000000000000000000
10000000000000000000000
10000000000000000000000
1000000000000000000000
1000000000000000000000
100000000000000000000
100000000000000000000
10000000000000000000
10000000000000000000
1000000000000000000
1000000000000000000
100000000000000000
100000000000000000
10000000000000000
10000000000000000
1000000000000000
1000000000000000
100000000000000
100000000000000
10000000000000
10000000000000
1000000000000
1000000000000
100000000000
100000000000
10000000000
10000000000
1000000000
1000000000
100000000
100000000
10000000
10000000
1000000
1000000
100000
100000
10000
10000
1000
1000
100
100
10
10
1
1
