# 
n 150
t 111111111111111333333333333333333333333333333333333333333333333333333333333
100000000000000001000000000000000010000000000010001000000000000000000000000
100000000000000000010000000001000000000001000000000100000000010100000000100
10000000000000000000010000000000000000000000110000000000000110000100101000
10000000000000100000100000010010000000000001000000000010100001000000000000
1000000000000110000010000000000001000000100000000000000000100000000000100
1000000000000000100000000000000010000000010101000000000010000001000010000
100000000000000000000001000000000100001000000000000000000000010000000000
100000000000000100000100000000000000000101000001010000100001000000000100
10000000000000100000000000000110001000000100100000001100000000100001010
10000000000000001000000000010000000010000000000000000001000000000000000
1000000000000000000000000000000010100000000000000000000000000000000000
1000000000000000001010100000001000010000000000000100000000000000000001
100000000010010100000000000000000000000011000000010000000000000000000
100000000000000000000010000100000100000000000010000000000100000000000
10000000010000100010000101000010000000000000000000000000000000000010
10000000000000001100000000000100000010000000000000000010000000000001
1000000000000000000000000100001000000000000000001000000000000000001
1000000001001000001000100000000000010000000000000000000001001000000
100000000000000000000010000000000000000101100000010000000000000000
100000100000001000000000000000000000000000000001000000000000110000
10000000010010000001000000000000001000010000100000000000010001000
10000000000000000100000000000000000000000001000000100000000000000
1000000000000000000000000000000000000000000000000000000000000000
1000000000000010001001000000000000000000000010000000000001000000
100000000000000000000000001000000001000001000010000100000110010
100001000000000010101000000000100000010100000001000000010000000
10000000000000000000000000000000000000000000000001010000000000
10000000000001000000000000001000000100001000000000001100000000
1000000000000100000001010000000000000010000000000010001000000
1000001000100000000000100110000000010000100001000000010000000
100000000000000000000000000000000000000000000000000000000000
100000000000000000000000000000000000000000000000000000000000
10000000000000000000000000000000000000000000000000000000000
10000000000000000000000000000000000000000000000000000000000
1000000000000000000000000000000000000000000000000000000000
1000000000000000000000000000000000000000000000000000000000
100000000000000000000000000000000000000000000000000000000
100000000000000000000000000000000000000000000000000000000
10000000000000000000000000000000000000000000000000000000
10000000000000000000000000000000000000000000000000000000
1000000000000000000000000000000000000000000000000000000
1000000000000000000000000000000000000000000000000000000
100000000000000000000000000000000000000000000000000000
100000000000000000000000000000000000000000000000000000
10000000000000000000000000000000000000000000000000000
10000000000000000000000000000000000000000000000000000
1000000000000000000000000000000000000000000000000000
1000000000000000000000000000000000000000000000000000
100000000000000000000000000000000000000000000000000
100000000000000000000000000000000000000000000000000
10000000000000000000000000000000000000000000000000
10000000000000000000000000000000000000000000000000
1000000000000000000000000000000000000000000000000
1000000000000000000000000000000000000000000000000
100000000000000000000000000000000000000000000000
100000000000000000000000000000000000000000000000
10000000000000000000000000000000000000000000000
10000000000000000000000000000000000000000000000
1000000000000000000000000000000000000000000000
1000000000000000000000000000000000000000000000
100000000000000000000000000000000000000000000
100000000000000000000000000000000000000000000
10000000000000000000000000000000000000000000
10000000000000000000000000000000000000000000
1000000000000000000000000000000000000000000
1000000000000000000000000000000000000000000
100000000000000000000000000000000000000000
100000000000000000000000000000000000000000
10000000000000000000000000000000000000000
10000000000000000000000000000000000000000
1000000000000000000000000000000000000000
1000000000000000000000000000000000000000
100000000000000000000000000000000000000
100000000000000000000000000000000000000
10000000000000000000000000000000000000
10000000000000000000000000000000000000
1000000000000000000000000000000000000
1000000000000000000000000000000000000
100000000000000000000000000000000000
100000000000000000000000000000000000
10000000000000000000000000000000000
10000000000000000000000000000000000
1000000000000000000000000000000000
1000000000000000000000000000000000
100000000000000000000000000000000
100000000000000000000000000000000
10000000000000000000000000000000
10000000000000000000000000000000
1000000000000000000000000000000
1000000000000000000000000000000
100000000000000000000000000000
100000000000000000000000000000
10000000000000000000000000000
10000000000000000000000000000
1000000000000000000000000000
1000000000000000000000000000
100000000000000000000000000
100000000000000000000000000
10000000000000000000000000
10000000000000000000000000
1000000000000000000000000
1000000000000000000000000
100000000000000000000000
100000000000000000000000
10000000000000000000000
10000000000000000000000
1000000000000000000000
1000000000000000000000
100000000000000000000
100000000000000000000
10000000000000000000
10000000000000000000
1000000000000000000
1000000000000000000
100000000000000000
100000000000000000
10000000000000000
10000000000000000
1000000000000000
1000000000000000
100000000000000
100000000000000
10000000000000
10000000000000
1000000000000
1000000000000
100000000000
100000000000
10000000000
10000000000
1000000000
1000000000
100000000
100000000
10000000
10000000
1000000
1000000
100000
100000
10000
10000
1000
1000
100
100
10
10
1
1
