# 
n 150
t 111111111111111333333333333333333333333333333333333333333333333333333333333
100000000000000000000000100000010010000000000001000000000000000000000000000
100000000000000010000000000000000000010000101000000000010001000100000000000
10000000000000001000100000000001001100010000100000000100000000000000010000
10000000000000000100000010000000000000000000000000001000000100001000000100
1000000000000000000001000000000000011001000000000000000000000100001100000
1000000000000000000000000000000001000000000010000000000000000000010000100
100000000000010000000010100000100001000000000000000100000000000000000000
100000000000000001000000000010000000000000000000000000000000000100001000
10000000000010100000000010100000000000000000000000100000000000010000000
10000000000000000010010000001000000000000000000000000000001000000100000
1000000000000001000000001000000000000000000000000000000000000000100000
1000000000000000000001000100000000000000000000000000000100000110000010
100000000000001000000000000000000000000000001000000001010000000001001
100000000100000000000000000000100000000000000000010000001000000000000
10000000000000000001000000000000001001000000010001010000000000010100
10000000000000000100000101100000100010100010100000000010000001000000
1000000100000000000010010000000000100000110100000000000100000000010
1000000000000000000000000010000100000000000000000000000000000000001
100000000000000100000000100000000100000000101000010000000000000000
100000000000100000000000000010001000000001000010000000000000000000
10000000000011000000000000001000000000010010000100000000000000000
10000000000000000000000000000000000010000000000000010010000000000
1000000000001000001000000000010010001000000000000000000000011010
1000001000000000000000000000000000010000000000000000011000000000
100100010000000100000001000000000000000000000100000000000000000
100000000000001001000000000000000000000000000000001000000000000
10001110000000000000000000000001100001000000000100001000000001
10000000100000010000010000000000000100000001000000000000000000
1000010010000100000000100100010000100000000110000000001000000
1000000000000000000000000010000001000011001001000010100000000
100000000000000000000000000000000000000000000000000000000000
100000000000000000000000000000000000000000000000000000000000
10000000000000000000000000000000000000000000000000000000000
10000000000000000000000000000000000000000000000000000000000
1000000000000000000000000000000000000000000000000000000000
1000000000000000000000000000000000000000000000000000000000
100000000000000000000000000000000000000000000000000000000
100000000000000000000000000000000000000000000000000000000
10000000000000000000000000000000000000000000000000000000
10000000000000000000000000000000000000000000000000000000
1000000000000000000000000000000000000000000000000000000
1000000000000000000000000000000000000000000000000000000
100000000000000000000000000000000000000000000000000000
100000000000000000000000000000000000000000000000000000
10000000000000000000000000000000000000000000000000000
10000000000000000000000000000000000000000000000000000
1000000000000000000000000000000000000000000000000000
1000000000000000000000000000000000000000000000000000
100000000000000000000000000000000000000000000000000
100000000000000000000000000000000000000000000000000
10000000000000000000000000000000000000000000000000
10000000000000000000000000000000000000000000000000
1000000000000000000000000000000000000000000000000
1000000000000000000000000000000000000000000000000
100000000000000000000000000000000000000000000000
100000000000000000000000000000000000000000000000
10000000000000000000000000000000000000000000000
10000000000000000000000000000000000000000000000
1000000000000000000000000000000000000000000000
1000000000000000000000000000000000000000000000
100000000000000000000000000000000000000000000
100000000000000000000000000000000000000000000
10000000000000000000000000000000000000000000
10000000000000000000000000000000000000000000
1000000000000000000000000000000000000000000
1000000000000000000000000000000000000000000
100000000000000000000000000000000000000000
100000000000000000000000000000000000000000
10000000000000000000000000000000000000000
10000000000000000000000000000000000000000
1000000000000000000000000000000000000000
1000000000000000000000000000000000000000
100000000000000000000000000000000000000
100000000000000000000000000000000000000
10000000000000000000000000000000000000
10000000000000000000000000000000000000
1000000000000000000000000000000000000
1000000000000000000000000000000000000
100000000000000000000000000000000000
100000000000000000000000000000000000
10000000000000000000000000000000000
10000000000000000000000000000000000
1000000000000000000000000000000000
1000000000000000000000000000000000
100000000000000000000000000000000
100000000000000000000000000000000
10000000000000000000000000000000
10000000000000000000000000000000
1000000000000000000000000000000
1000000000000000000000000000000
100000000000000000000000000000
100000000000000000000000000000
10000000000000000000000000000
10000000000000000000000000000
1000000000000000000000000000
1000000000000000000000000000
100000000000000000000000000
100000000000000000000000000
10000000000000000000000000
10000000000000000000000000
1000000000000000000000000
1000000000000000000000000
100000000000000000000000
100000000000000000000000
10000000000000000000000
10000000000000000000000
1000000000000000000000
1000000000000000000000
100000000000000000000
100000000000000000000
10000000000000000000
10000000000000000000
1000000000000000000
1000000000000000000
100000000000000000
100000000000000000
10000000000000000
10000000000000000
1000000000000000
1000000000000000
100000000000000
100000000000000
10000000000000
10000000000000
1000000000000
1000000000000
100000000000
100000000000
10000000000
10000000000
1000000000
1000000000
100000000
100000000
10000000
10000000
1000000
1000000
100000
100000
10000
10000
1000
1000
100
100
10
10
1
1
