# 
n 150
t 111111111111111333333333333333333333333333333333333333333333333333333333333
100000000000000000000010001100000000000010000000000000000000000000000000000
100000000000000001000000000010100110000000000010000000000000010010000000000
10000000000000000100001010000000000100000010000010000000000000000010000100
10000000000000011000000000000000001000001001000000000100000010000001000000
1000000000000000000000000011000000000000000100100000100000000000000100000
1000000000000010100000100000000000000000000000000000000000000010000010000
100000000000000000000100000000000000000000001000000000110000000000000000
100000000000010000000001000000100000000000000010010000000000100000000000
10000000000000001100000100011000000000010000001001000000000000000010001
10000000000000100000000000000000000001001010000000000010000000000000000
1000000000100000000100000000000000000000010000000010000000000000001000
1000000000000000000000000000010000000000000000001000000001000000000000
100000000000000010000000000000000000100000100000001000101011000000010
100000000000000100000000000000000000000000000000010000000000010000001
10000000001001001000001000000001000000001000010100010000000000100000
10000000000010010011010000000010000100000000000000000010000100000000
1000000000000001000000000000100000000000000000001001000001000000000
1000000000000000000000000001000110001100000100000000000000000001100
100000100000000000000100000000000000000000000000000000001000100100
100000000000000000000000000100010000100000010000000000000000000001
10000000010000010000001000001000000001000000000000000000100000010
10000000000000000000000100000000000000001000000000000000000000000
1000000000000000000000000000100100000000000000000100000101000010
1000000000000000100000000000000000000010000000101000000010000000
100000010000000000100000001001000000101000000100100100000000000
100000001100000000000000010000000000000000000000000000000000000
10000000000000001000000000000000000000100000000000000000000000
10100000000000000011000010000000000000000001001000100001000000
1000000000000000010001000000000000000100010000001000000011000
1000000000000000000010000100010000000001000000000000000000000
100000000000000000000000000000000000000000000000000000000000
100000000000000000000000000000000000000000000000000000000000
10000000000000000000000000000000000000000000000000000000000
10000000000000000000000000000000000000000000000000000000000
1000000000000000000000000000000000000000000000000000000000
1000000000000000000000000000000000000000000000000000000000
100000000000000000000000000000000000000000000000000000000
100000000000000000000000000000000000000000000000000000000
10000000000000000000000000000000000000000000000000000000
10000000000000000000000000000000000000000000000000000000
1000000000000000000000000000000000000000000000000000000
1000000000000000000000000000000000000000000000000000000
100000000000000000000000000000000000000000000000000000
100000000000000000000000000000000000000000000000000000
10000000000000000000000000000000000000000000000000000
10000000000000000000000000000000000000000000000000000
1000000000000000000000000000000000000000000000000000
1000000000000000000000000000000000000000000000000000
100000000000000000000000000000000000000000000000000
100000000000000000000000000000000000000000000000000
10000000000000000000000000000000000000000000000000
10000000000000000000000000000000000000000000000000
1000000000000000000000000000000000000000000000000
1000000000000000000000000000000000000000000000000
100000000000000000000000000000000000000000000000
100000000000000000000000000000000000000000000000
10000000000000000000000000000000000000000000000
10000000000000000000000000000000000000000000000
1000000000000000000000000000000000000000000000
1000000000000000000000000000000000000000000000
100000000000000000000000000000000000000000000
100000000000000000000000000000000000000000000
10000000000000000000000000000000000000000000
10000000000000000000000000000000000000000000
1000000000000000000000000000000000000000000
1000000000000000000000000000000000000000000
100000000000000000000000000000000000000000
100000000000000000000000000000000000000000
10000000000000000000000000000000000000000
10000000000000000000000000000000000000000
1000000000000000000000000000000000000000
1000000000000000000000000000000000000000
100000000000000000000000000000000000000
100000000000000000000000000000000000000
10000000000000000000000000000000000000
10000000000000000000000000000000000000
1000000000000000000000000000000000000
1000000000000000000000000000000000000
100000000000000000000000000000000000
100000000000000000000000000000000000
10000000000000000000000000000000000
10000000000000000000000000000000000
1000000000000000000000000000000000
1000000000000000000000000000000000
100000000000000000000000000000000
100000000000000000000000000000000
10000000000000000000000000000000
10000000000000000000000000000000
1000000000000000000000000000000
1000000000000000000000000000000
100000000000000000000000000000
100000000000000000000000000000
10000000000000000000000000000
10000000000000000000000000000
1000000000000000000000000000
1000000000000000000000000000
100000000000000000000000000
100000000000000000000000000
10000000000000000000000000
10000000000000000000000000
1000000000000000000000000
1000000000000000000000000
100000000000000000000000
100000000000000000000000
10000000000000000000000
10000000000000000000000
1000000000000000000000
1000000000000000000000
100000000000000000000
100000000000000000000
10000000000000000000
10000000000000000000
1000000000000000000
1000000000000000000
100000000000000000
100000000000000000
10000000000000000
10000000000000000
1000000000000000
1000000000000000
100000000000000
100000000000000
10000000000000
10000000000000
1000000000000
1000000000000
100000000000
100000000000
10000000000
10000000000
1000000000
1000000000
100000000
100000000
10000000
10000000
1000000
1000000
100000
100000
10000
10000
1000
1000
100
100
10
10
1
1
